-0,41469586107709244	-1,8939867203690683
0,03804475542967034	-1,6328370336320428
-1,6308386843742075	-1,7274745741533715
1,240169832121604	1,9509396595003563
-2,561782470312619	-1,3326929451783684
-1,677508831282931	-1,6159150939023577
0,8720332620259805	1,8460938376391582
-1,9265156926126137	-2,1669524986751894
-1,5354120694258728	-1,5522017043558962
1,9499606551298236	1,5994592686303633
2,3724735803727937	1,8233594731807314
-1,8009159038734488	-1,970791062814718
-0,517375885295564	-1,1121131351406248
-2,2898549188627744	-0,7122137404736734
1,326273365593911	2,056448780262067
1,6903428528482671	2,1398579833052436
1,7963985125285822	1,719886058719799
-0,6080557897087575	-2,024122324289051
2,559752173363816	0,970540131744474
-1,0085388059817417	-1,6142347410625173
-0,2722098909488052	-1,6724000126890062
-0,6161754759672949	-1,6079588652613406
-2,6013530929321185	-1,006507098876773
-1,3727802619761291	-1,6541980046054667
-2,261733396208882	-0,7572572069116591
-0,6867018137872387	-2,0845460252299617
-2,5164073227434525	-0,9192617171520587
-2,6707009530762473	-0,6480575604770791
-1,7972396012467011	-1,3465329857915596
0,9380974236005957	1,6525466513470282
-1,5642118216730392	-1,949818662583059
2,5093793308405505	1,5538087245082557
1,9508513422296772	2,1385569002809084
1,8596014192403076	1,518713964385301
2,2553597942302908	0,49294882865300954
-2,1529230987635666	-1,272990879231926
1,1748635891108057	1,6100636438356792
2,3427830795649824	1,1380292458710983
2,0332723648327122	1,4345492933123982
0,8813101750153769	1,308572015281849
-0,5561099669409121	-1,5718855186201943
1,9062788073080577	1,5364534312234959
-0,21135443231001716	-1,270159205006666
2,1033074656541584	1,3838349493153212
-1,3975372039176628	-1,6537395582058336
2,7888947654183824	0,8979718911019237
-0,18157335668409513	-1,1740478385790016
-0,3987720969659443	-1,2672433637766773
1,8849122574849217	1,6687264180315142
2,64022446167073	1,7408159273160986
1,1458201074929801	1,6291741909614608
1,1148232178306063	1,6065071798678865
2,220606698640116	0,7224555398453927
2,1997915455188215	1,1741392246635787
1,9353022742455046	1,5227034568965996
-1,1059170403381984	-2,313947602283476
-0,6630445635626586	-1,685891065204662
-1,263017717459584	-1,6292825742804693
2,3507384706840577	1,2631666644379287
-2,346603953566836	-1,5093782102230382
-1,5730012445263515	-1,7623865198634634
-1,668821839835552	-1,531407841388459
-1,9779991729799047	-1,942206062808885
2,500835143688685	1,698347635624833
2,6341420446742463	1,3200735319979604
2,4274489076590737	0,8092357998997695
1,6281045823364635	1,8311909924513423
0,9335420868515365	1,6908847740279174
2,6293164663369017	1,4088279000888195
2,471445249919562	1,711040701094129
-2,359040165813536	-0,7563831999629086
-1,720627134910996	-2,0145505252658915
2,513599300061622	1,1936119883002725
-0,20356302140717242	-1,641209487825043
-2,442070534920604	-0,9603584223545719
2,261664918196714	1,042782899110348
-1,7951546647208811	-2,19986588929686
1,9200432863228174	1,9954839372027566
1,9391808839860913	2,0152540663203125
0,47294436481938706	1,4700473415585829
0,6726809748212195	1,9063570723755505
1,8817895036543866	1,8712132850359102
2,1903582786455025	1,7964057036058363
-0,2599163170814126	-1,4723118670767268
-1,9695105117272689	-1,9555654778779639
2,4889038058395974	0,9243657197049522
2,4726207911730995	1,8152750064544239
2,8479284983883097	0,7208011847753004
-0,4600660643213791	-1,5501978097272109
2,1710374811764046	0,45629915145994226
-0,32015512061655627	-1,3603022359605106
-0,26926090422941584	-1,6606244084807644
2,493485408256695	0,9093551228222907
-1,6444282939101464	-1,5411210342656452
2,631799147636422	0,9340043479406953
-1,8273030913241741	-1,6044517139382064
1,5584153617644607	1,632093089943057
-0,9852050276781659	-2,1205266595437293
-2,615202475771614	-0,5845261775641906
-2,085765138689394	-1,2013181602915277
2,142993999217581	1,9063792021487056
1,846276291722811	1,6053119467074903
0,9789400257616938	1,7684047961458709
1,5410171291525367	1,710853505425076
0,9387640956160836	1,6946445951255027
1,3248583909507898	1,9694119808952437
1,160456869377612	1,7918203593292383
1,0273590579776668	1,7728653144356536
0,5129364994979619	1,5313198585097774
-1,4338033077462295	-1,6884071212418612
-0,2286284731830981	-1,3585727148051523
-1,9656385361183764	-2,027380209126447
-2,18775627845133	-1,2419756131829822
2,427673207977858	0,504237818632604
-2,342976566147411	-0,6663093229492636
-2,43593223831882	-0,606677201671372
-0,5226687844843936	-1,6977594575424884
-2,622352812853665	-1,3898901579493483
-1,7723619833707374	-1,9346233094744663
-1,691612142248896	-1,7610551376810366
2,2796276101876023	0,5435985799223318
-2,1464414038774224	-1,2783955112750054
1,9646514964926989	1,8656185623163346
-1,2275085651670556	-1,9376048602666394
-1,630157577573019	-1,6088535778507274
0,5325978640039963	1,5095596614374251
2,12980861662105	1,388316316590311
-1,9585795204169516	-1,7848820038489115
2,718542846380017	0,5363753492605434
-0,6586418920272339	-1,497451457990742
1,6876817306468332	1,8859519330438952
-0,41008103216766445	-1,7560973463226088
-2,1497337870184303	-1,1043759942846783
0,6686995652361739	1,3462811201851173
-0,49993517139010324	-2,1492481902183407
2,351171112315534	1,4466283797963553
-2,581453425184431	-0,608513342150553
2,324409395573432	0,6911431039166442
2,3200988673111893	1,9024373443627485
-0,08454810531827461	-1,4963917770659512
2,4001730967436337	1,0481721462853042
-2,42145202440952	-1,0874085103635007
2,566663595477549	1,3258394298426381
2,7025981258558316	0,9727557048121058
1,52478800236749	1,5809888408496566
0,547037143795227	1,8283523179641918
2,5214776149563356	1,421201685791036
-2,582488336512599	-1,1127310581693863
-2,621662604970755	-1,381640431693923
-0,9723724058342078	-1,906788164122607
2,423532806155027	0,4238535913555955
-1,0226106696526454	-2,1698329879901728
-1,8835044037891866	-1,963300888022173
-0,699112311812826	-1,7809312921952587
0,866710537517942	1,3518631034940258
-1,8784960798603048	-1,611563567543072
-2,24068454936919	-1,957165988394248
-0,5893451815921759	-1,5908607289742507
-2,3087500830490297	-1,46798588508535
2,2851587380237435	1,035348888858314
-2,1973748173455925	-1,1389920405525271
-0,49328053146946427	-1,415648752059103
0,7223331988606778	1,6908617712782432
1,2871571459697755	1,9185697552867438
-0,7578372437591474	-2,1250095244647924
2,2149332220773457	1,0422890193992695
-2,468888009102793	-1,1406914074026084
1,929407558814026	1,9909312476900225
-1,5199195856966692	-1,6629800575925944
-2,1965594692221373	-0,691269288142379
2,3001176852666947	1,3121536649410181
1,3337982879871741	1,9330664749761168
-1,6719032372581526	-1,8043491574599595
-2,1357527287499614	-1,721875574016927
0,8928789598851579	1,8622375868583114
0,9874323596197084	1,4333208950344225
-0,6600903156634944	-2,241687801581551
-0,7047424613018118	-1,86102632758
2,8207775035748752	1,037276504149254
-1,1693450552889129	-1,7012879537134644
2,018044796902752	1,6686624805033117
2,2362832072262324	0,42225157079021614
1,5816587100355848	1,8425257366327743
-0,355624124150266	-1,1359469894849994
-2,290191879754701	-0,7839000986744123
0,7321899970301248	2,008256236466006
1,7308436610866875	2,050782139039856
-1,9071703204603572	-1,426951629527185
-2,1878591803809195	-1,0831618074388418
1,7807444387066762	1,5821173354207234
2,3858561823956888	0,5618522312170383
-2,344008995795008	-0,8503315279793182
2,1129178235330013	1,4122804803359466
2,2786341232934837	0,7774997574523033
2,2489041130756577	0,6847438412222948
2,3577867147857137	1,829747831284132
0,6196061474307838	1,4944460616291662
-0,24792346569660495	-1,3055870456400895
2,1524582271439474	0,5177624942695959
-1,6865399965892403	-1,9375596483319053
-0,5030801814475684	-2,08884851248337
1,7746691464605784	2,2639164665067293
-0,45344672782804407	-1,9001415516405995
2,696030511826564	0,9132831900677211
-2,494078883693	-1,1453914683542281
-2,5268711822215577	-0,8314359693835847
2,7156702872996634	0,17106444238713692
2,7032136210075044	0,4957902691422713
1,8740299070780215	1,678927634826392
0,8108407351338536	2,1140754410652836
-1,813068454959086	-1,798320493605953
0,6194064939773906	1,3147936096515993
1,250328903177199	1,5586021371940602
2,7195290086061368	0,39845214395601325
-0,47236985814810173	-1,3068293047608446
-0,3847519465898248	-1,3089838294615614
2,0564885641017216	1,7694004151179576
-2,2564315757812654	-1,6201537070612881
1,5117520726325961	2,0704369500374042
2,060110048915243	2,1752907157747043
2,4314555905872104	1,739673771254966
-0,7802379884491385	-1,5424487760791363
2,6112672757007136	0,7285641273294916
-1,4701199737847461	-1,5988216557175072
-0,4811375906840244	-1,6705152896699993
2,1737729657881055	1,5968883750707241
1,126060967321334	1,584171833196157
2,673644397703341	0,5836505982330428
-2,64979627907846	-0,5591248449281034
0,7048638011418342	1,4612932363388282
-1,892756663117702	-1,2887158551322944
2,199318162528228	1,7112682921075444
2,568411533969593	0,8309173834035647
1,952889747528511	1,5676803071567664
-1,2203464197056215	-1,6709470549231487
-1,314643864246572	-2,014525778960974
-2,324520017712157	-0,8889478399887438
-1,8712802993582718	-1,703338604783444
-1,388033927251934	-1,6864558414727566
-1,2708463447633571	-2,09613221514563
2,3808625977787052	0,4101482689453018
0,76978222502608	1,2886706450627956
2,850454999059548	0,6433909004317804
-2,0128069040424252	-1,708867646474442
-1,9446700984985268	-1,1998246632090193
-1,1951817392531205	-1,812746649695038
2,001710877803417	2,1952109543998164
-0,25522329040538705	-1,4699999679814646
-1,0429802155989931	-1,7007117358355957
0,4139995893169659	1,672894482314771
1,0554618520687467	2,139625456631299
-2,017556478170622	-1,1788160444782227
2,5511684040491986	1,4526511640098754
1,507917720317832	1,9899671129360734
-0,7846356574920302	-2,0993082607625424
-0,636910503165947	-1,3646340077290324
2,7927753374395397	1,4700075271600321
0,9378906168368668	2,1911934571379263
2,262459384171121	0,6045339097845824
-0,7776582993330939	-1,84271380549982
1,1123129254379587	1,6951390327062819
1,169205232225051	1,7825370934942697
0,8116219677426901	1,6971378002677673
-1,9807020982050736	-0,7159354599373544
2,297261292397014	1,2716010422949309
-1,509057965934319	-1,9525618419408166
-1,341408519234918	-1,8360563374990577
-1,5799712122457437	-1,8625004449343925
-1,4279746633913746	-1,6912254071311945
2,598759392234731	0,5838215492790113
-0,29271950628975796	-1,2201877343926861
2,5392043966593265	0,4064986698303143
-0,9230724547547411	-1,7406863099099303
0,7043782075480446	2,059363233681756
1,0953167628271494	1,8332316454446573
-1,505250239253324	-1,6322616663699256
1,578798065959305	2,251428261769432
2,6284432420868344	0,7333032617765189
2,2625290576571553	0,5892894144474079
-1,2344385159887485	-2,004372840819577
2,773827833495161	0,9328919033956209
-1,8683662569702777	-2,050660652671685
-0,5989941352447785	-1,3047401326144676
-1,3802201004865051	-1,6317202834631677
-1,2694555134671073	-1,7919048905284676
0,546876515232017	1,494049136974687
0,3029447112667967	1,5345496071114306
-0,7954749270126429	-1,5578256600557712
0,7330501908045731	1,3996586772190747
-1,6915960676027457	-1,860773432059831
-2,117982588723592	-1,1787581921130859
0,4321628338208203	1,5468463455337276
-0,45206326081244674	-1,1811043657664686
-1,7773860981352825	-1,9381483340867196
0,9803500382438914	1,9746457433922344
-0,10234152756485071	-1,650845957431978
1,466259458003021	2,154073727608602
2,5199447494370415	1,5502521447153423
-1,7526148742224812	-1,6421181348388734
-0,5433174569900575	-1,7990245473495152
-1,9564079392858893	-1,9797484795723768
1,90381174642966	1,4611180168945364
0,11572911070407854	-1,3458623832545886
0,8070695667345448	1,20688305979558
-1,2451072026882857	-2,2828398043893507
2,2371759067875354	0,9463641120354032
2,465650702065976	0,7153899278757572
-2,2626371588409024	-0,7613119639035942
1,1167065229741047	2,081918163500405
-0,7609493202018033	-1,6998379658336658
-1,2652532522701023	-2,0030062203358776
0,1594127085535053	-1,2613249026337863
1,131436988284843	1,6876724112026604
-2,3595406429626458	-1,2469396330538478
-0,7042099698303477	-1,6380096590438882
-0,6732362233277982	-1,7124383308537237
2,46097740102662	1,5039289537183032
0,014014350216697391	-1,3805620266134992
-1,6874636285856686	-2,0921562290176245
2,8474433505209604	1,0883789023501096
0,9927004817041611	1,8702879019525736
-1,4410413789974428	-1,8371949656032733
0,9249990827904138	2,0957778779008107
0,1317032292029061	-1,299439503091055
2,23087961555074	2,0085465620183105
-0,7012200201871539	-1,5647006574244204
0,47281152151884953	1,9396669932680928
1,4830868946551172	2,0687165215364622
-2,484355248751095	-0,9759562986520633
-0,8840176271964295	-1,6621807620323181
2,667470319553728	0,4438110750604868
2,2730152138277093	0,7617785079604182
-2,1046922659561957	-1,9180094164818606
-0,9125087196667393	-1,5591478612793022
-1,205562792012838	-2,208520448549254
-1,9916348478460169	-1,215637586574619
-1,8592134088719356	-1,653843404089113
2,5055937068060903	1,5315198245989405
-0,940031525871888	-2,183520110601341
-1,6670252538835129	-1,8618720535189857
2,393904879198322	1,8392900780420212
2,4376714062968476	1,9000165365376969
-1,9335842470078213	-1,463502842382141
2,937165936717843	0,6569967370176509
-1,71536514472475	-1,5850545667615208
-2,3004439412904496	-0,8212411732998725
-2,465190300949433	-1,2090854730109568
1,4502143818239377	2,0875593207688654
2,716056126303881	1,0213607570772956
-1,9477573581520284	-1,398419913021133
2,9056974193802336	0,5172115858045252
1,0249093088277985	1,719228747866379
-1,8358907601286558	-2,008118618747401
-2,1124420371967663	-1,6058742511103423
-0,5399533866174244	-1,5536424514804716
-1,8197040464008554	-1,464252431183271
2,9424824332022803	0,7968019363296354
-0,8883513686017079	-2,043481852481647
-2,1291547106142064	-1,6013653192179902
-2,3771842724279812	-1,2486650658214633
2,422707707187887	0,6469354884048271
-0,4933347638186183	-1,5237336397076762
2,8813043048956057	0,6690528999513892
2,7092917613129006	0,6674601190019495
1,3335328848178372	2,277382282975526
-1,055694210409953	-1,9280517167862308
-0,5334585684983675	-1,230834053669577
-1,5492766461147547	-1,7794684770407214
-0,9793472630704552	-2,1027473153216194
2,4748317487961717	0,8187445581137667
2,293613185209972	1,521882017058536
1,9230284124737445	1,8583005019401568
1,966524331645471	1,4363771237092537
2,3641663804854547	0,960749289075763
-2,442225068137721	-1,1387597495365924
2,510909655566615	1,716033644272693
-2,220795826518162	-1,2464600645669728
-3,8780254507247243	-2,635942955510326
1,3326604689309638	1,6946047609447077
-2,650204773308924	-1,3224904039599779
2,3415032964461666	0,5242597416411908
-1,0110533315951094	-2,273152838826965
2,2661525394985054	0,9739567476823332
0,9342286779958804	1,8750745847618921
-1,1821117012179387	-2,0188705570703878
-0,8059910694226132	-1,493541007637878
1,2466285579765153	1,589301004891594
-1,7632116309494494	-2,211169853387794
0,49664359576622263	1,4647893526774203
1,9477419621852616	1,4973917365070482
2,3664243851906455	1,1520195254038157
0,9001006417900097	1,861597780979708
-1,4875202417709832	-1,9275108537302255
-1,779902263006441	-1,7475734174047832
-1,5524809083456401	-2,148681783227853
1,1514918986547817	2,12622570040557
-0,3564953554773618	-1,81268033560648
-1,8865572242536235	-2,14716238560467
1,6831397410144804	1,7291674864636812
-2,545177599061106	-0,6003422911102151
-1,9731244174644413	-1,966969796533026
-0,020139835916656912	-1,5325219312285816
0,159712805485964	-1,3721932354628605
-2,6714638926183807	-0,6495559571043503
2,5147669046044108	0,7348234189087328
-0,8271800164246809	-1,8977355852188373
-0,695968229021468	-2,194501566043593
-2,2067238662807154	-0,7141634932773645
-1,8144788154689815	-1,6264173394145867
-0,48456879315081625	-1,3950419283784015
-0,9698495579646771	-2,2889108411405275
-1,6647525658254514	-1,6051061220969154
-0,6477570324096247	-1,9944216861352697
-0,5524859048594322	-1,9334445215464673
2,5129314888681193	0,2898942919909221
-0,04922070981708426	-1,7382836459531565
-0,3253221845666944	-1,2606436303340915
0,9645902563529618	1,4153599138479325
0,02626424742952871	-1,4496538763174311
-2,0185962868296814	-1,7230358664589125
2,1568623230640656	1,3694238833816486
2,429537212083874	1,0865905885669895
1,1986902171870568	1,7396110115103256
1,9846397060197791	1,698407477339789
2,2803925575543627	0,8584676238188185
0,07388621082446245	-1,5712005562355338
1,9969359157955213	2,1250787371481685
0,03282005902548746	-1,5447564969919578
-3,4055646970032747	3,8193813189620256
-1,7271537122972016	-1,7429630709060353
1,9403801124803322	1,66010456838492
-0,30555404347553705	-1,392483277524172
-1,721647518611558	-2,2199199164365933
0,691018398760145	1,9311094898550238
-2,3208123915914847	-1,0412715639136978
-0,9186905392276189	-1,9405195429318738
-0,09900454768346312	-1,7761192379147535
-2,6338422583668706	-0,8986940722721595
2,294231181292522	0,5664482659324341
2,7753132983103717	0,5972237122107741
2,5671555143526312	0,9162653752926435
-0,40892114634003374	-1,2977650270299117
-0,49967524139610064	-1,4873458240952238
-2,3262332577262983	-0,9768265656095112
-0,41420323363613387	-1,09241166685461
2,2177073354010646	1,8601208239452751
0,5902804324455933	1,7895374038682441
1,810845829308916	1,6758728122443878
2,03333406516733	1,8028337263109628
-1,7465939259939398	-2,2563748232128704
2,2152428916437366	0,9609550121195658
1,9953337150013764	2,1421822557682466
2,54677487248504	1,4305130532899473
-2,299344039460177	-1,7757685008133615
-1,573020080073543	-1,6611188436470983
-1,5421143433785187	-2,088925455400677
2,3339188103938424	0,8622027716993579
2,2058671414951645	1,9578258243528288
-0,5280593453098354	-1,9910459608046067
-2,335125428543977	-1,6384118699744807
-2,0439069480207177	-1,14260985965394
-0,5680180524051986	-1,6258413574644015
1,1167572903730618	2,1092472428734936
-0,38490129552742414	-1,7223722603550602
2,680309205038092	0,8636715275050492
2,625916475375349	0,9183910885207509
2,4348677224072697	0,3011161795873398
-1,0084025197166362	-1,704689660989344
1,1795905363505188	1,6815387072395782
-1,6426627604583453	-1,7998348127851265
-0,6406467619490037	-1,3947717142546705
-1,181131793033205	-1,6827813744636004
2,028028007889489	1,454313046265205
1,2664930616720431	1,935819912748112
-1,2833580196719179	-1,724126569461866
2,1893968472855656	0,4667030303464685
0,845996463077107	1,7006037275672785
-0,985846753351094	-1,6452693422854563
0,8265462755175852	1,9676444404685578
-2,317692269633324	-1,222019711705588
-0,6507662672125935	-1,5041639841892334
2,693963250948436	1,0533068246348458
2,147862157550064	1,6496908768201322
2,1239332627191563	2,1011838364126425
0,6477557512256663	1,78278226960595
-0,31015544780964566	-1,58808564757036
2,5443865390828493	1,2173221125403262
1,6789677719855072	1,9144373203496023
0,8846672112642798	1,7428883532346846
2,168034916071784	0,5627544045887085
-2,5055647404662884	-1,1410874694588988
-1,0221778002304172	-2,1106011197538246
1,6039142866835814	1,6182094504112388
1,3663121187954241	1,7590975226256926
2,793720916033756	0,9404191328629754
2,79702912954927	0,7173422714452947
2,383656431219382	1,6849468187891925
-0,04968895105825655	-1,3927216322735898
2,7785944889186807	0,9733118628485551
2,2381405587624394	1,4018213837142806
1,9593734261959872	1,4464367664796813
2,325145262968781	0,699267830265345
-2,0331635057586497	-0,7393479985327404
0,8647865558255508	1,3639257048317392
-0,43597227669419725	-2,0178603158068196
-2,425306212200515	-1,0095105773990736
2,7200884155460034	1,5680992624978196
2,4480976714878144	0,3872385745878791
-0,4947014806242267	-1,680920564185751
1,1887839951983064	1,6008963775376646
-2,0205428149972855	-1,6924272222747012
0,4870601919476629	1,5248977638666767
0,9664843798755987	1,9092432361879865
2,267222599882504	0,39510493803349783
-2,2629399956814504	-1,0337861062969183
-0,9514972706502183	-2,1141335526571137
0,38372947651851774	1,7802474299462263
2,1939009409255874	1,1842963773311508
-1,7198952066167934	-1,6066623287749366
-0,9317655414421935	-1,8028041686488745
-2,0609772297738314	-1,0353137075030288
2,917280366817023	0,9701875552145367
-2,2450988811532144	-1,2581310674634136
1,6504472737082434	2,261549320695833
-1,728165646771144	-1,5147216428942538
-2,3329966140949616	-1,1756459554408978
-1,1142606980731493	-1,7380375526884233
-0,5831770611301491	-1,996923116454869
-1,0480785643746973	-1,7558142349826622
0,9792726493265902	1,9952102608943172
2,5688583889499608	1,0545621576174005
-1,92534122390906	-1,3419385620498092
1,2620365471765633	1,9881405324219552
-0,4104038642111868	-1,337838331287743
-2,1841476541308533	-1,6792595103186936
2,7670477216009894	1,4635784960922926
-2,097865419975023	-1,0785183889190546
0,4551724473983123	1,701840947729121
2,1335189327099022	1,4632578056269223
0,9125361887549355	1,3664704001164325
-2,3439948002868354	-1,0557411416450615
-1,9688342149967006	-1,6009604392184382
-2,2963498962481035	-1,7853448523311057
-0,4565128183519035	-1,1562536930847656
-0,5528941610544462	-2,032111256492919
-1,0472094581433367	-2,2994703461126393
2,404199710235673	0,38230374096706476
-1,8843419055045807	-1,7381253312171334
2,7424071978650657	1,0666672585891128
2,0654197977367272	1,3125924867494985
-2,5718087916200827	-0,9237581315438437
-0,5625175395923699	-1,3592720913548535
1,8962541014923797	2,210045189199746
-2,51965807525528	-0,5875846278782456
0,9757173882248715	2,148367299375825
-2,307506990596859	-0,928108987010962
1,700103642730299	1,5887168677579009
-2,675781875899033	-1,133137192758355
2,488302841318012	1,1009921639221067
-1,208159996523732	-1,7712936994094097
2,1079913034252478	1,4443551803522476
-0,21180218153943708	-1,3097615698267142
0,06097728822921744	-1,4626478386181039
-2,2462411318048954	-1,2619291779040125
2,5551052023264216	1,4947838746600173
-0,6496359368722922	-1,6858631944870022
1,0957956067079146	1,5113605844725506
0,9858821155981867	1,7775290811072886
1,203424466948897	1,9154204388602234
-0,22146546082063967	-1,360268245488119
-1,2540912139541582	-2,131485238616681
-1,4846935658436897	-1,9666727210838653
2,697401856558989	1,4535774810340087
2,3325341922336893	0,5598580735385922
2,025193952810964	1,3573627303958422
0,5427188582872071	1,7735823763442846
-0,8483444064159831	-2,1126123762420734
2,492241045150645	0,8554611039422548
-2,0207379521235094	-2,118208252957948
-2,1967198558160703	-1,0072452141571264
-1,3396468532360148	-1,7927719646821076
1,89777441372941	1,9869101973380883
2,8060300612332023	0,25549279593878005
-1,8392453857822888	-1,3098715796204474
2,378222983001889	1,166714222801522
2,5105294391052135	0,40542603475528205
-0,007660479890192473	-1,5186808321802259
1,5454014923016302	1,9862487857419984
-2,941147094415679	0,8729510314189017
-0,9328441960529933	-1,824850670344693
-2,265773823762545	-1,407330533921873
-0,4166564367161467	-1,9296345633858272
-0,7805610950772324	-2,0405231383067353
2,442180312545709	1,6823347145723697
2,7842870990291213	0,9342884489186808
-1,967488706883455	-1,8565788390940192
1,4156192830017442	1,7041673899220082
1,8663132425687776	1,9125137820282236
0,8161196064333208	1,2598980463154574
2,0533377582302292	1,5493361392296543
-1,9827362659716985	-1,4247734607071645
-2,1395287704327055	-0,7732575187408093
1,1735887296187295	1,8564052854629738
2,404523105814251	1,8372534429602356
1,7846842451924079	1,644165337490868
-0,7980407200125664	-2,005374068183128
1,12380186410797	1,9232858674282667
-0,015615890894700835	-1,4517795108501272
1,354130699344846	1,6073215158248484
1,470603004488907	1,7008088656180496
0,05422186278713714	-1,587923965890732
0,8200728661506211	1,6691140428579043
2,2312645164819083	1,3612437014807799
-1,9667010089426196	-1,5494081018596035
2,1789726038615895	1,153731291836801
-1,1542887869983953	-1,9079760622480102
-0,5520259690444805	-1,7839385885124894
-0,3648207678858557	-1,5725005898629791
-2,2186534111046914	-0,9422354769434359
0,46988724168306084	1,831798417544073
-0,2734730330561953	-1,1421448752651695
-1,8223429483221316	-1,6018855589438081
2,223798769223862	0,42507994093063517
-1,8449329328297013	-2,1785252314874173
2,780260048412156	0,3873176461215175
1,3046311185301236	1,7495442445219023
-0,44725885417974776	-1,8157449027415544
2,7653241126257035	0,6051615653347864
0,7312870028110179	1,8833828252138276
-0,4071409152779454	-1,4379162868829762
-1,7852676211162437	-1,7530413464955688
-2,520576325979574	-1,2211901632178281
-2,364129854033915	-1,803336686340292
-0,222495826614294	-1,3742084067684313
-0,2403665846905575	-1,4181988445669185
0,6344611760851716	1,8486027619156378
2,6096465183944426	0,6675705724005263
-2,4532702656226415	-0,9833747255519529
-2,2748222065340284	-1,7278212988207176
1,115298487929758	2,2704972560588836
1,7463261820470288	2,1985839838586916
-2,173236422767189	-1,2831439998548244
-1,7414506568984542	-1,7855943525223386
0,8745345500344276	1,8584957604298022
2,6057191585050687	1,1160382038973717
-1,9649993599644509	-1,1230204971908009
-2,619796460835718	-0,8236892732777181
0,0069791754948775875	-1,5403387709701262
-2,084485401462752	-1,7480094426906978
2,217617004205497	0,6880513356808968
1,6398317138581697	1,628560699185716
0,6508929153419196	1,5199140748599946
1,978584537268791	1,4796860250824597
-0,7450431749833308	-2,105209581001477
1,3489051124272686	1,773768475184242
1,033393957520259	1,9002301497119438
-2,154460710102558	-0,8457670947396775
0,7314622977896499	1,6878999968500907
1,5752183903090629	1,9688015325456638
2,341903122803607	0,4795163172341007
0,8679216429625192	1,3955347215020772
1,4215166010747646	2,1738677404395625
1,5923132326313851	1,5839285769652642
0,611148748965984	1,7207518720638528
-0,9796241607781402	-1,8948318104490438
-1,0529438216559914	-1,7365705642654197
2,3757630790457975	0,5205747162302921
1,893678335116066	1,906298090818518
-1,841151150912301	-1,8580118625013726
2,7844212063654608	0,566249286466326
-1,3094301832630162	-1,6495092943871652
2,3096543475291007	1,5952980071179736
-2,147664280510386	-1,9842797219840917
-0,7733902754866865	-1,7134434032134027
-1,910596996558532	-1,5351182089511404
1,8044969869687035	2,013810800535527
-0,25804571336424953	-1,1430190594935223
1,1258707244232276	2,16558319887045
-0,730185950560674	-1,5850933633990794
-1,8451078129837735	-1,9668577672091108
0,02924416202626534	-1,2608949514076024
-0,625912754246814	-1,5569184591174405
-0,44937212655920256	-1,8605280971556564
2,715515185969064	0,34601912588595685
1,036975614609968	2,161598033255556
-2,169331743179523	-1,291291186810248
0,6549343162519163	1,5253330079718057
2,0122940689005024	1,8816200532863911
1,195291084440552	2,0757579021272425
-2,0646621351025347	-1,0263472088089838
2,3979173420334297	0,5444203197784029
2,4812547935835423	1,5565899264715708
2,4306459839718837	1,1915701516793866
-1,8529474457039699	-1,4659349172770526
2,3385361840213514	1,2119266294950053
-1,7382299602427735	-1,6191621060512322
2,5515552835281845	1,487965788853348
2,317035686403482	1,170790649104769
-0,6088617162293415	-1,3000012855862106
0,98337055730387	1,561277157049684
-0,6063381343398623	-1,4061292661362845
-0,2976288857141993	-1,3442741391867976
-2,1011042315516595	-0,977646312106492
2,536604480877783	0,9538652520378175
-2,6363001353107878	-2,815933239237732
-0,25813120941259404	-1,9972157479482922
-1,6754525245557732	-1,5058930421103702
2,546995291638135	0,4504947309906453
-1,6621399540835173	-1,8302406458964664
2,5469014869486366	0,4570277738941497
-1,947064958274569	-1,5961525582283203
-2,6355290621748306	-1,2152369545195079
-1,206999788515611	-1,7196589322464562
0,5329616386036649	1,6948375345883502
2,3658197420506895	1,4792477224882883
2,8756286089359526	0,6914839558082455
-0,5985513653208662	-1,879368644348741
2,1709859500226445	1,6125436007086136
-2,167406614682852	-1,8803268647375184
1,8220147313953798	1,5164731522254096
-1,2044771011330497	-1,7424687588398
-2,2743433418778536	-1,5663985576014752
-0,5861449436707593	-1,3023593140734928
-0,5507544526785775	-1,8762611333115249
-2,582516200912806	-1,1147377991671708
-2,085733371327263	-1,3561634557740017
2,782589765028269	1,3024845311332203
-2,135324396583465	-0,8266020909170138
-1,580285818625878	-2,231486840453198
0,8197495370630135	1,73382593291461
0,7025172594534309	1,4482702152890534
-2,1153828026091395	-1,5978283566600455
-2,27709647992964	-1,0276609352526642
-0,7618588619565196	-1,6832972338604062
-0,29988363441068344	-1,7403701556931264
-0,9092321544847911	-1,9626405120727253
1,2596826770402851	1,5730331679297267
-1,9836823284428073	-1,4349648508300503
-0,6986873243037709	-1,5677907582191095
1,416715913725264	1,6621582861653978
2,115505979597634	2,0977797290499645
-0,2170348990192883	-1,1170957882823334
1,998985902039953	1,48638444056068
1,175081322884306	1,6854763526787433
2,595947192588334	1,2516142241071302
-2,291014783249885	-1,5804300260508146
2,351547371406995	1,1419039499915737
-0,31580279931769983	-1,6347192515612452
-1,3576280968170393	-1,6253658567422287
2,2257958906507223	0,7717152874859251
-0,7659409621134557	-1,9958346076068443
-1,969052210490614	-1,1175649678957427
-0,6060099982028827	-1,4183446568168363
-0,2618397094498456	-1,7303896406328725
-0,9352469136141064	-1,801034048278849
0,815893690503336	1,7016190262471875
-2,076188548940784	-0,9489757539708314
2,2582838948239052	0,5301973998148242
-1,2180440830550652	-1,705985374881341
1,8701423262881396	1,9990853794362904
-2,0427468699159497	-1,0083489805667347
2,198945408943671	1,2807403260417956
2,272203769668926	0,6571689274701225
-2,574469405511504	-0,6011708130285205
0,8158643282896108	1,743749520043432
1,847139842890731	1,8708186933928534
-1,5681851705082843	-2,0221580924286764
-0,6517142570005585	-1,563447047904359
-0,407850488299213	-1,4936751152249252
1,003465793323831	1,536415639756777
-1,9851895225800344	-0,8104827208208059
-2,196560601898841	-1,941692940934685
1,9866192884979679	1,9830061328839832
1,3546117286738364	1,88735887524733
-2,3942830661678767	-0,9997165970671834
1,5967746075590037	1,6666091662645555
-2,691517901419262	-0,7703274791844651
-2,248173230145405	-1,4777894432088503
2,693224491798039	0,9246938326900378
2,270308188361274	0,7160738552692424
1,8573332377345633	2,2474769546206534
-2,4347362040910103	-0,7705498170373789
2,4938469166155786	1,7630915997600243
-1,8263709578482616	-1,44185057405122
-2,3177526291143016	-0,9793866637961017
0,8852903297714025	1,4456901632056574
2,8643015554001767	1,3066924647311444
-1,4145244882795731	-2,2585814590699567
1,853222806863278	1,667365803439513
-2,077779617389357	-1,2448517571294602
2,7565290816553065	0,44133883560603826
2,2870554919278643	0,9735974868901796
2,2861359147684492	0,6325795667043638
-0,7090184521938921	-1,454590933772281
0,9415172553212464	1,9754618250226894
1,2629915882434144	1,5788371326898263
-0,7780711556342846	-1,5862118252484936
-1,2158971915005508	-1,9246132195698586
2,889832123039502	0,8748460780306658
2,8165175739894712	0,3002943055962246
-0,4028017610141432	-1,201700959058217
-0,7875787558456743	-1,6461972389267074
-1,1612906880677611	-1,9823495902588175
0,9617697145732711	1,7274386330747473
-0,8379162098080764	-1,9586694746981677
-2,102452245378398	-0,6786578815810899
2,578930832560814	1,1667039104825352
1,5134857859925455	2,2375644738575744
-1,3614847329336488	-1,6160356038037933
2,4688596627703645	1,5675511968460818
1,0140707692818514	1,8333889563004213
-0,9680006389150033	-1,8515247891759383
-2,5070173044246706	-1,4977986622570696
-0,06412467334081251	-1,1551204409098748
-2,095429408558368	-1,6214617901762538
0,9824904323173604	1,6785386706949001
1,0133453983599718	2,2272647191482857
0,5851694372692422	1,4384300439432813
-2,1266878023755518	-0,9138998900052847
-1,588582169133784	-1,5454547895031259
2,5250505314731786	0,9079694882300743
-0,5625360905167003	-1,8129846093628772
1,2300511332792745	1,7805785973873842
2,58291859483813	0,8393940192680545
1,770378472602912	2,1559027648598907
1,7384314458552304	2,0312284749187057
-1,433591435666912	-1,842959641977005
-0,8168327209946976	-2,1983576858133933
-2,063690874473388	-1,8785888581531673
-0,5398922996693684	-1,4305456042819669
2,575142909336947	0,40027469161471396
2,131343600603744	1,3414476243184885
-0,4941396664774149	-1,0577100664585257
2,80872701147864	1,134712682664758
-0,8410357235876456	-1,9953015759005615
-0,5392154240379113	-2,1740701548451975
-1,9254845942664724	-1,3119366198707647
-0,8474930530112806	-1,5553592337254467
-1,052176555524425	-1,614909973646542
-0,8894812397799463	-1,7292506662977314
0,49367063136365397	1,5493376886178447
2,368456625683949	1,7897477446859509
-0,4564444695509703	-1,862210648373842
2,223949513515329	1,721213310694309
-1,4936177959675372	-2,0443593965770903
2,3481406209336653	0,6324901410371133
-1,761020312135635	-1,8128319625493168
2,464426815402274	1,048491299056456
-0,8433731705179957	-1,7934481637246475
-1,3563519034153964	-2,229855911014524
2,0364191062435695	1,7658187985323446
-1,7740816783479683	-1,536567126095203
2,305368083793308	0,4271146216806971
-2,1620871361266154	-1,6318758958767698
2,5062453249844516	1,396721713299377
1,6776138891649057	1,95047168322974
-2,387785170049093	-1,0500339948664714
-0,44306403552267415	-1,0582690742242609
-1,9420851337740959	-1,1996654174028492
2,374820621235323	1,1031652002587125
-0,4275128278738929	-2,0118231813427423
2,3966796132805994	1,397850133481707
-0,5117593397739482	-1,2640899438288304
2,663731214673821	1,2621435948033932
2,272001988223707	1,786384764398706
1,4101001329525937	1,790130638649126
1,6649041932564328	1,596186029039166
0,6209175033865424	1,4616023078728753
-0,5089694263054214	-2,0597150252482237
0,8458167299645678	1,9863259893403482
2,465697068834725	1,7077188705986315
2,6499816670043668	1,3104971389433793
-1,143266632098566	-1,9392571593702999
2,2964764680934526	0,39254180521575205
0,14953185542581737	-1,1910083549091426
0,6174817926067004	1,3528728155893859
1,86947314099481	1,8009495156537443
2,54527579576361	1,290330260117385
0,7464077025232402	1,3340657261904245
1,6235140447754275	2,2252784910999575
-2,669896354848184	-0,6679428665487358
-0,3177312693178028	-1,2069025303463246
2,2851262927779827	0,8081345344058601
-0,5796914248455514	-1,9688002838137977
-2,5407316123110175	-0,9967013978370813
-0,48440938803372857	-1,2599239915501315
2,768885909664668	0,41833893209817136
0,4669741942581096	1,795647736334445
2,3737305259762564	1,7969539127594212
2,582397259160241	1,7381711611500257
2,359847768039911	1,1428960340021166
-1,9591999130895628	-1,8114592828155747
-0,5833526026806153	-1,9939936316276599
0,8133017421533648	1,933181581415894
2,2363229811053364	0,9566162213872352
-0,45240738000701564	-1,4276412023307463
2,824042975167277	1,3049208145407296
0,5350133104357669	1,798511429922888
2,3612235108358934	1,181039692692481
-1,9060425018302682	-1,4455875830800355
0,8069237765209452	2,0785472311148494
1,5245530180962512	2,148757990673423
1,4152470134459627	1,9001547550742734
-2,135742896803025	-1,3109739201988044
0,6349188169284363	1,2975094629393231
-0,42784199948478485	-1,4747596605187485
-2,247092882304501	-1,275357600842501
-1,2922872171820436	-2,1772651178128415
-0,4246707070289025	-1,0757118336526272
-1,8984694707223944	-1,9843284818970572
2,269533897921478	1,4206214076686887
-1,2529736648018563	-1,6115844590634996
0,9686460575881485	2,199947348007889
2,027976016565786	1,551819369881271
2,3196525079652686	0,8968980899138154
-2,5608086753891883	-1,2181267657365884
-2,5134049726417547	-1,3649596046659118
0,9021859743090347	1,814539242761402
-1,8958404538349392	-1,7335626629171292
0,46842173163884504	1,8719754543005633
-1,5154547511259184	-2,067904481510502
2,4330947131331406	0,5352017953031003
-0,1712272159531001	-1,1786705997206302
2,582126338934212	1,8029767462315311
-2,07499755265067	-1,6719820063510156
1,1655795203000054	1,8021521788062933
-0,7037237975635146	-1,5992029362629396
1,7003168066297492	1,9523460891985829
-2,0869761588144393	-1,1370964007077577
-0,005205210047263709	-1,3518035654076768
-1,6971649701126046	-1,75029348156791
-0,6067669485722459	-1,7987707020165373
-1,0095077411653655	-1,6408332378821833
-1,9848510123249095	-1,6986358210967967
1,9626711048426067	1,932397459766812
2,3251084875592314	1,5365460955304062
-1,4226524939031988	-1,683069585379719
-1,4665982547908218	-2,1859347522375137
2,1668705564654376	1,4594353239913986
2,522061617500311	1,7446367362843151
1,4613418012149668	1,8292089355974093
-0,3657219200125885	-1,9585763084641172
2,6371649015707996	0,6904834593598546
2,4727743677420757	0,3359423122304711
1,3141629202176663	1,6484605256052294
1,6049493865820401	1,9646230082771043
1,0497539213903486	1,973833509128833
1,1295128753636365	1,5627281602263898
-2,4418751199878157	-0,7611883650039604
2,1492433157621815	1,1903438111857647
-2,3006923825860928	-0,6442584204240316
-1,0285715611133992	-2,280754883715744
-1,1540164183040027	-1,7715073093806983
0,6029987883442434	1,5891413462992066
-0,09511052726569158	-1,6934038485231848
2,261120286359949	0,4658891098564942
1,6232084555193906	1,8987845821424578
1,197544952056074	1,9808427537549962
-0,7077739263929042	-1,7680408525544595
1,1601335593500117	1,763132795606565
-0,458417373265104	-1,539292437996127
1,8468728569652733	2,206995729622781
2,7025157768785593	1,2050799402315495
-0,8885992177678702	-1,9065148824931621
0,9114352890214505	2,016623501502872
-0,3511565867821801	-1,2237594962718021
-1,9878620118376813	-2,0427357735653806
2,544945367879569	0,3013718166909247
-0,713429194174668	-2,0967507897137194
2,674913183430376	1,5451760007196407
-1,9878861350207147	-0,716614067372409
-1,016172131972226	-2,179016385040481
-1,2855805131154883	-1,8785519536377135
0,424346427694418	1,6871384898682082
-2,5100533861959082	-1,410257085207594
2,670255008799286	1,116650738064021
-1,1978413337985576	-1,786151843249065
-1,7522927486906184	-1,7035725073545998
0,8016958960617638	1,4932363659415953
-1,1079841667981885	-1,830177931544052
-0,6776211356107259	-1,7996079672221212
2,3185305339999176	0,3966351509264706
2,5589617982242916	0,48007916365362435
-0,7972496535726866	-1,5095658251905946
-2,4396668360248532	-1,4537609142381793
2,4094228267033646	0,3817081716320955
0,9719511198493934	1,590426575783794
-0,7889377967891433	-1,649376022514371
1,6415707998118942	1,8000300255118122
2,5020362393239353	0,49218555030145095
-2,0555186564347543	-2,020977793111065
-2,5093073122353404	-0,6892273709879061
-0,5237839667186015	-1,223639362206551
-0,925285508896712	-1,6198515542599166
-0,3583743795557568	-1,3772074677596358
2,42456492609251	0,6121251347467602
-1,1297826946874596	-2,307603832096334
-2,4348655174123914	-1,1658292739974998
2,5524797469446394	0,9698979546481036
-2,0070255762219493	-1,9447663011230163
0,03604873152098231	-1,6171515901780036
2,210431505572413	0,9345443033740901
-1,088844098838992	-2,0148462329752617
-1,3063095962429874	-1,7284527291355762
