X	Y
2,732523414878111	-4,55723499860565
-2,8491571718879225	-2,9844266732768268
-3,0000440871252643	-2,021919677061985
-2,831988973526361	-2,9346563944465123
-0,3154006616330628	-4,469806184056571
4,3477559613084376	2,4650970074541103
-3,57836330953229	-1,9875948712921523
-2,4446522529146817	-2,075350196892303
-2,5183663851914604	-1,865827819379662
-2,677777386063562	-1,0747684198562324
3,8829356331485143	0,2307591035384664
-2,9059105538882677	-3,2414286071130163
-2,1892056435543776	-4,487308904494114
2,480911478524861	-0,0023546534940914743
5,111076775724742	2,055916956124233
1,8503841532801393	0,06871432579546277
-3,074541790067326	-3,4612592050824573
-3,364744900253947	-1,7397323809799443
4,292975881824509	3,282974359640636
-3,5909579818158277	-2,7114261922331124
3,9419675010208204	2,0764726373316758
3,2389582994408674	-0,5280560689631777
4,469936633746571	2,443540583373322
-3,0888123026024163	-1,9106493093265926
-2,490221746117408	-3,579038376784011
-2,440766116870063	-3,0033904335876187
4,247739641625801	2,7338909861363776
-2,256697385532844	-3,626570755104935
4,566947810732377	2,8661512841270222
4,807695693690618	1,0758770896108016
-2,420304298880867	-1,8219472837701864
4,838442066702673	2,4426808088370833
1,9935918618584618	0,11439915551541024
-2,9088909216923255	-1,2894930333361805
-2,9440405891568817	-0,7530225805441193
3,947338269435922	1,795146565819216
-0,9406402902133203	-4,53636864640731
-0,5353507191300259	-4,328416732196062
-0,41714257814830313	-3,738410913821414
-3,093005439957816	-1,5258297904662688
4,182952491764057	0,9574878412427158
-2,8652838978534256	-0,9114101973782813
-2,470364165285193	-3,8804673650707127
-3,476797779943135	-1,8639167480952776
-1,5283105056023287	-4,635351893938427
-2,063255081485878	-4,598980653313994
2,0952904232917606	0,6162313905936601
-0,6421571368475497	-4,424531996322518
-3,139777987946176	-3,443405740958807
-0,7960022344048665	-3,7496179599694797
2,4952162486640264	0,16338900937915035
-2,6725036091577685	-3,7208268859615385
4,5437505776485425	0,6221223711549408
4,699716670047476	1,1499979345814881
3,9542825625243787	1,675727518550687
-2,930444269936734	-1,3963804676291622
-1,6981220583685182	-4,895841665779087
-2,652642074903228	-2,6524160433141466
4,353371267085729	2,328163865828973
2,050924848149285	0,651622616378914
1,1984027067927876	4,6833085608633205
-2,488538326701806	-1,6057953009875539
-3,30306043846535	-1,8432105631121842
4,452452568461588	1,556461787934754
-2,8257911568770795	-1,4834799487217818
4,032672296378404	0,5353646705062798
-2,4226407878472296	-1,5222627811228184
-0,08708866910680735	-4,007031248071734
1,6381488462792952	-0,2748086824385738
-0,6961080611107224	-4,418114306101838
3,0732761226297156	-0,19071016148554465
-2,711413353874483	-4,078027009071963
-3,492918529257585	-1,5475118437617812
4,222552021441641	1,748457333091081
1,849236907374156	0,21511188821028626
0,9498692874419206	1,881824861866603
1,9474715357677528	-0,0870043245882468
2,7210597330225754	0,4740189071297527
2,2302338996234696	-0,4218147343256047
-2,6849433725584912	-1,9514131514841573
-2,6993611545799023	-1,254654042816029
1,8908065561699865	0,36353369918460743
3,194335009751043	-0,5418609965137131
-2,318686282531676	-4,653991115039295
-2,7177567624079826	-2,383601729945705
-0,9382371509700624	-4,605385697155095
-2,882560967102951	-0,9038285618320361
-1,8102353398480833	-3,9393398749062474
2,5324471394207575	0,43308762676698365
-2,163265827274994	-1,4971888422880797
4,044373724172962	2,573298570883405
3,5422440092609073	2,865315074777775
-2,331638174372278	-3,069472050426601
-1,0584680322250897	-4,762200034097562
-2,8062549011337508	-3,986946093491356
-3,0249938515475576	-2,4336570457258713
-1,1379075617314092	-4,092397757659771
2,2108849951225147	-0,6128428772189127
-0,9747033826590487	-4,4518835391415505
2,9912363881195105	-0,6559118461333551
4,74883982492882	2,9686233635464423
-1,201878639467933	-3,772103694494558
2,5281817313070944	-0,4283196826324649
-2,8950895483684733	-2,3067926083508503
4,384837040058612	3,559774262207996
3,824465810709217	3,3873711466442282
-2,552911467771316	-2,5385039944711956
3,8647536758237013	0,6745526920450624
-2,7552984816656023	-2,926478611542655
-2,0568892416663975	-4,165391745541637
-1,1017686010164793	-4,595577018438348
3,8689211019999643	1,5376444248530325
-2,605043989510088	-1,6112693323686313
2,143251983314959	0,6191142352029697
-2,7660445079771474	-3,105983809074779
-2,696312167414982	-4,233172383207421
1,7726385376737184	-0,14430561343609338
-2,8067746050198066	-2,213779200558845
-2,2126018784416184	-3,442329687580018
4,8745928540643595	1,9471239495189807
0,22536523856924973	-4,434074813359486
-3,4129874611563555	-2,022318371494075
-2,7547287005147933	-2,74772523327756
-2,4827446830032254	-1,5247840793597507
-3,1859698582066405	-2,815426888906355
3,3701716314808103	0,7365271031284106
-0,8836587311572262	-3,675227182312704
2,4235855645819506	-0,6807059355847653
4,131066258815752	1,8614143706438497
-3,2776123695616115	-2,8270633594850523
3,876858866815462	0,7947096628649208
0,2162169858755114	-4,255795903336304
-2,9345810873996694	-1,5161199343612926
-2,7887856571429754	-4,012691801785895
-1,4505014940059926	-4,379982414804131
-2,697140961756543	-2,6781098300772053
-2,524587138677992	-2,237330580172256
-2,493219577544954	-2,7181027307730545
-2,5974282480136357	-2,6057842760386474
-0,5064410386139848	-4,272527009715607
-2,6600539095739997	-3,6713244740602486
-3,053514032247083	-3,256703511495626
3,456577797999513	0,7328911821130881
-0,1257093661859554	-3,6578478180039298
3,7512607244173757	3,3520430245872017
-2,8173039593484894	-1,215490120841536
-0,39001330367481124	1,2248744349355167
-2,572741921837551	-2,905469458322621
4,027004011585062	-0,10671361969312088
4,0864215161172845	0,9347378990368569
-3,1503295818108916	-1,4820051378715018
-1,6321713002519607	-3,9348929544257523
3,8968308979247284	1,8068079684437155
-2,5910010529717216	-4,25529375877591
-1,1978485063620559	-3,9094486716625982
-1,0620418172790718	-4,867576352723572
-1,2583339724739149	-4,720603946140735
3,8791762375508974	3,07986404437891
-2,8216390828388747	-1,0902156618486298
-2,518880205633754	-3,0301249425994032
1,789865486824676	-0,08226245931752096
-3,272005458561953	-3,347310352706236
-2,795660324746095	-2,155657639809209
-2,3665196810812166	-3,7913898523999374
1,9741204412407998	0,05612654933323746
3,7117747326056487	3,2670481364493353
-2,123983463340828	-3,583025013604148
-0,9275317232961421	-4,179474129096543
-1,8012389595658576	-4,425536741308967
2,926370350766977	0,04136912769978052
4,703614812756877	2,475153512520552
-3,397879319769945	-1,7072066924297968
-3,3588554883054793	-2,504425499089637
-0,3391481260055388	-4,334750927741414
-2,867884372204481	-1,5484799360172783
2,2941315999917173	0,5831614854890637
5,06100836727089	1,2349396163802204
1,9012386434316433	0,15830230519204824
-3,393757158547932	-3,448371876146414
4,382205287635537	1,7441523088020412
-2,41874379301626	-4,311085871944941
-2,051464307754074	-4,7054981517935275
4,302014624070271	1,1164096529838001
3,39832788670464	0,39418549993375174
3,497540060218136	0,10706553907825311
2,686821748045287	0,17186117132460343
3,5396316467426097	2,9685631372067767
3,3947410612336166	-0,17588549006141152
3,6980571197642638	0,2740072253806729
-2,605646676604054	-1,29735938799518
-3,1771449344012392	-3,070108194075404
-1,9418730184993258	-4,296732309515131
-3,170749158555954	-3,616305884608348
-0,8485752237769084	-4,029394106601322
-3,4323371934455493	-2,2255955500889177
-3,1598680705799684	-4,040428468921299
-2,5752864087903764	-1,1264366989094443
-0,6249761355228575	-4,74788544915466
-2,502109173629209	-3,3630995705612925
4,8747413802830675	1,542324003560585
4,2264962806160185	1,5508696609324328
-2,5580456922849004	-2,5937426789742197
-3,049458468804687	-0,8018422639693901
-2,2689087489337907	-1,5605547240300244
-2,6339193077346708	-3,406126730674157
3,1701690435304046	-0,27084469841961045
2,909176768656339	-0,6858916898695848
2,4535009629670954	-0,5048246055219812
4,249106692880414	1,3936743704676233
-1,044608190299869	-4,402709477351104
-2,372906287038222	-4,492494641417231
-2,624033809850357	-1,5119637746353969
-3,272893386283093	-2,309170143040136
4,481657408161975	3,336792831080948
3,8232748574937414	-0,16954953897902203
-2,693687554217373	-1,4288260030502493
4,005494676826638	3,167574861793141
-0,34519119793378994	-3,5868635634250277
-0,4814773662510923	-3,786273625573299
-2,957847766059639	-1,5190081711430092
-1,7988482536827717	-4,1169921102639115
-0,9515736043451642	-4,698589400119018
-2,486032894537213	-3,1756775911883395
-2,7592287599444836	-3,4224666227127805
-0,4158229378055456	-3,8076083484374834
-1,7855378204496328	-4,756610981354672
-2,8576517475324565	-1,4085036828001
-3,138202118164728	-1,6450289087621415
-0,45284363152973484	-3,9872270606760805
-2,74597222217408	-1,4279647298061713
-0,7369742056447037	-4,553947603242556
4,328497120059795	0,3313827981441515
-0,7589695831488358	-4,198106871421441
-3,18023783550628	-3,8504026440927874
2,7397625557526064	0,35058829470050124
-2,1254076611013604	-3,5872072274421964
4,00626439772084	1,7049994762102467
-2,9049620744084605	-4,222835161135083
-3,0230501452397216	-3,784597051072032
3,682655670220511	1,092373059444631
-0,16338339637373767	-4,077174862516827
-2,104329485178551	-4,46117792157737
-3,4128283864485884	-2,4194900274991724
-1,7172979111657984	-4,760896218327623
-0,7180057287503923	-3,7254324250154127
-1,0649220258549408	-4,746378158269982
-2,4930331885301267	-3,357561736311525
-0,24043774515402305	-4,3801732718161634
4,0078329815761	1,9169715819917044
-1,1857667849564615	-3,8024879861476477
3,7957667926930747	-0,043911537405675105
-2,8351492634416586	-0,8850008142719841
4,174918223603608	3,4222427720268076
1,696140038724471	-0,27813342799111807
-2,616546500267134	-1,9444085599484446
-2,6352749529446453	-3,3571079043301513
2,633686530672503	-0,635175401794605
-0,8154241448438526	-4,008395790728313
5,104118082370659	1,995202913739632
-2,298036211092377	-3,534596809707793
2,961996709025295	-0,06671464748080291
3,917657372491468	0,2079142294512737
4,790273082616714	2,5863629757296214
0,7787506112498868	4,39588560701238
2,8795646171952516	0,5111558440984276
4,442162641489733	2,316299736796321
0,13047550942776054	-4,519381161785717
4,9447506815222395	1,2486472626401883
-2,919273727029135	-1,346713603035449
-2,970941579884301	-3,0204438515478866
-0,411133960546631	-4,422875844192246
4,68571488805326	2,6409432372596044
4,453840763790437	0,9627744029926606
3,3727824275412948	0,3672591340695819
1,8330028106178011	0,052102897200335674
-3,005475013467326	-3,915474758376477
-2,65569034714464	-1,7972706061556631
-3,492058286966613	-2,1371135469420173
3,5542371823385857	0,12396920195783068
2,9216760718774153	0,43536849509807674
4,1432591069476015	3,202528622489174
5,049049947542515	1,4832763168442202
-1,9236713921391608	-4,6333493832412
-3,600174299835008	-2,3304672310931194
-1,2937314205364963	-4,485496250053304
-2,488367275236898	-2,583346692977562
0,06125873797064463	-4,120537008175264
1,4372128364423773	-0,359050333802478
4,920028300325789	2,6720386627189288
-1,1794540176650163	-4,112800312453054
-2,9748248405643025	-2,575753795077696
4,477929545463613	2,7175909454354317
4,823391324759975	2,919601830632093
-1,5088294610774922	-4,072433501232357
4,652288503030547	1,3989881453869017
3,6978560303207106	0,5387003883418262
4,518562319735552	2,0352376642440553
3,5719191914277326	3,064215475568131
4,495632521080655	1,0674457919393627
4,281603297674602	1,8405154506822499
-0,04281490700583501	-4,155240547008852
-1,1000492015410803	-3,8971434188773815
4,748009564916378	1,8044717261424532
0,08500880831936164	-4,380399389089136
-2,2303680662013257	-4,281550613989626
4,589306854337917	0,4076365605790635
-2,0250238247970547	-3,825643784441395
-2,3148915823792575	-3,797320426156481
-2,63355081509186	-1,3470274517618388
4,33358631180389	3,533840185516474
-0,8851214523292876	-4,31363299853526
-1,2378388245039065	-4,773078605248539
4,033908293108355	0,42539522880125746
4,250815410280186	2,7081109729081523
-2,508838418482773	-4,025422465009438
-0,7254825083139795	-3,601336877857287
-2,692410160088493	-2,0031662297040906
-0,7217003387851302	-4,6755126561710805
-0,7508034182547301	-3,649412518171539
-3,430265049011512	-2,9196547605660657
-2,4694282380380814	-1,1497836301517448
4,198434185450022	1,8462910498255383
-2,9534904815795135	-2,135766207222768
4,658732918221373	1,843883139272883
4,121184551584688	2,013948687223999
-1,7849694500100926	-4,465686823101439
-1,7490973356454544	-3,8270934860202894
3,4538274926817487	2,909032955866543
2,4488855944380594	0,5422121366510171
2,447345728991545	-0,4028450548211291
-2,1292284976512903	-4,033490617760985
-2,977721709726927	-3,9311481822408396
-0,13522077193606807	-4,2520131810566175
-2,7584268925517086	-2,6409863645647755
-1,837507746818031	-3,91983728928182
4,563297492939817	3,2675937848636507
-2,4721599648645345	-1,6922734202998355
-2,5431023836445013	-1,465106612248227
4,027522926837953	1,2908466584043408
0,05789586578681871	-3,8672000224725487
-3,0269163040286213	-3,7049544555988074
0,2494862955009658	-4,160372917237386
4,331015128903572	2,3024859989805386
4,181875175199233	2,47693883292422
4,1345068288763525	3,27431527224962
3,82847448853774	1,3093039311013366
-0,6021498798770826	-3,946117730372524
-2,6935867543120224	-2,5925160250774253
1,4031671386895304	-0,37482752834754285
4,048480335327007	1,4753557511398903
3,254051092821991	0,05363836794431487
-3,01880917622771	-4,0130985142992435
0,13358436398087825	0,45604265052144477
-2,5680006627814818	-3,1668065615328445
5,00440769045211	-2,827782451325026
4,278102083400359	3,554497638017606
-3,078799678189096	-2,0656484869157845
2,975542219735857	0,4895846168403697
4,39701332286273	1,8153071523981446
-2,912864404039339	-3,1983027878291495
-2,743858026020724	-4,156690847575117
-3,350144913993901	-1,5945552301386021
-2,8449629341809413	-3,4709558103513927
3,2912435755797356	-0,23580859668876997
-0,9790426763376034	-4,262812192698466
-2,9364536021785326	-1,4550540022150462
2,1489613900289877	0,05235556575934952
-2,016071695280508	-4,114667367252599
4,283490064626425	1,3667952552255596
-2,6365235856005143	-1,5999443451334556
-2,80992278231807	-2,5563070696013903
-3,1093987963964276	-0,9421540551198788
4,584695793333445	3,220313349758998
-1,9848722371140826	-4,3385759638838355
-2,4316576649131845	-3,9080851369118905
-3,4945738491758243	-1,781381513245539
-3,35483121503102	-3,129301871832898
-2,2015085845751097	-3,8250305815068733
4,451925815410377	0,24350176042428506
-3,4807123850668553	-2,897191738461065
4,365060931777566	0,4429088323818853
4,465787336619064	1,2497503929997382
4,19137998559909	1,7697928442178286
-1,6081591203100365	-3,996603917431746
-3,114369372957251	-0,9546228935661236
-0,24074628979900714	-4,039669132945324
-3,198796326580661	-3,6106526114703255
-2,542968683522821	-3,3325065517333217
3,319534240040203	-0,1483578820961049
1,4338969880139298	-0,28728568297606927
4,38420951066839	1,5117819955172074
-2,0860344734087386	-4,339659637642231
-1,7160587850668856	-4,39463174206656
3,957678564189997	1,2656657435554965
-2,731785906894446	-3,7204827767748263
-0,24049910190583712	-3,5167021416521855
-2,677344481887485	-2,629203098268145
-2,8965454986981527	-2,3767861690693906
4,845683978905718	2,497620005936264
-1,8517386564137566	-4,859268119208496
4,506381677360431	0,1948659280860836
2,737804956293663	0,4276995472356018
-0,46603670217572857	-4,025754773364268
3,7906641542058352	2,703190226259304
-2,4712254470008963	-4,376721006954641
-2,280610562588147	-3,583997661113144
4,629872201747754	2,8824712591888453
2,685251366730172	0,3704743456437489
3,0288380385319686	0,21418484812162086
-2,302003885890572	-3,2380437967769145
-2,278139941666973	-1,509561862812153
-2,888973304172648	-1,215173206654292
-1,895676670647319	-4,718435753561007
2,2391040836320073	-0,5344392393238531
4,124010738231026	1,5576648730573555
0,2885968099180154	-4,286397138669032
-2,672308555612901	-2,3316085299511227
-0,47444164391806165	-4,636279977925327
3,2933450861579305	-0,24193038964522362
-0,8527653309861903	-3,881129620683833
-3,6549368779134688	-2,0185842749428007
4,102294348014903	2,832121814224062
-3,069929109958127	-1,7079748082431796
-0,9016735132489864	-4,753761480625714
-0,22602045999807863	-4,149943840476099
3,790070268159101	-0,17652907058948664
3,2287918574455077	0,5965432256963843
-1,3190046449207076	-4,007754830322479
-2,117752662940738	-1,5229595338051847
-0,6619157391791086	-3,6991255792299405
-0,9194211453076785	-3,8138405284547456
-0,23085180379595815	-4,555782388178301
-2,893315236420127	-4,159165437104065
-2,975968917534841	-2,354051710787305
-2,910370661442555	-2,0683962646361738
-2,2053217183870064	-1,658846911876541
0,24109063440970746	-4,123182817178144
4,418174941001733	1,5576783309074074
-2,845945123790941	-1,2789248617561078
4,217372033553977	2,6749606597550444
2,5159360177804904	0,2297155157532047
4,256497223584805	1,4525995359127049
0,20005012015448753	-4,273196131200394
3,470638839745363	0,847300709574957
-2,794036450750954	-0,7932990772627388
-0,5140441062814195	-4,431276236082672
-0,4000627915372641	-3,8822769128971117
-1,8780843864112708	-3,8298577179525943
-1,3115358725571107	-4,425099748014288
2,6259589379871375	0,43978106046286825
-1,238795479665381	-3,8331975440299613
3,2324217611441317	-0,257992123759077
-0,9415697441829688	-4,054378810580815
-1,2938199749993178	-3,987209985146818
-0,5279009381412342	-4,332026947161874
-0,729182229309414	-4,078974703596707
-3,5476614698995896	-1,5858395077900447
5,113658655746713	1,5527806984156944
0,13542222433689233	-3,973759726338026
-2,392221950858702	-3,520643154164419
-3,166764091328344	-1,723462804945314
-1,70939128000711	-4,163477076976575
-1,2385866295329517	-4,2995859375267855
-1,3075055063026908	-4,944475024047747
-2,896573191498415	-2,626967886378124
-1,9972642917814312	-4,129713001014634
-2,5343843714608054	-1,50398502948849
4,643123779595873	2,02509404662269
3,9164227512508694	0,21228403390122286
-2,801104869124811	-2,6121368330687513
3,030517841414879	-0,4416308771450641
-1,5263062476772564	-4,336763442256455
-2,7059448688181997	-2,130738265147736
-2,796535817040329	-3,3933292341413717
-2,6975889153188293	-2,1607640000503654
-2,8939562555393183	-1,0111465655853333
4,266305495932645	2,1205017285897405
2,1819509806027533	-0,12878718457268779
-1,1230377515876548	-4,4957867303322985
-1,9399151207877903	-3,8615371908257257
-2,245095691507599	-3,9766159572666124
-2,760954214683519	-3,44503156043244
4,698279621532047	0,8111729472853961
2,4139518949646956	-0,6460256120065502
-3,5488165809127614	-3,154425278672857
4,68598330487313	1,2989877586470673
4,317956175163383	0,6793417055020721
-0,321993087036327	-4,531939000509596
-3,097822838684163	-3,1587593317807316
-2,159592221525678	-3,778523994770036
3,8323343489045882	0,6331354604903847
-2,532616136865025	-1,5184020828488543
-1,562860203859926	-4,696208354920897
-2,5330756957168132	-3,2165394381075645
3,743589446073373	0,6147761107920044
4,062312008661953	1,075577397802994
-3,427221464104559	-1,8183635221183578
2,8839123201493204	0,33255693251474305
-2,943638152210931	-0,8043644482317223
-2,4975326648331513	-2,6613924523822314
-0,089992564934122	-3,706500042179216
2,9634298052618337	-0,5737500776877074
-2,5042185358861118	-3,2129223334412274
-2,8309958809502596	-3,1660902660463544
4,258423328508541	0,34711425301944
-3,6667403213638026	-2,922687527749921
2,043436607343339	0,4589426349616281
-0,6971643221954629	-4,561393855666107
3,5888512472318297	0,4793660388729377
3,992823480031193	1,9404237787249752
-3,341357231871362	-3,244054425243969
3,8752761340155164	2,9699273715942796
3,991695872783591	2,6090043048520917
-3,400318248916657	-2,8123375427288506
-1,6707389068632144	-4,5650689205693595
0,009142755739083741	-4,245023439735604
-0,5856125268557981	-4,496483512000695
-0,29120465540216356	-3,6486779363216693
4,323965264009038	0,8829789321868057
3,7038050300168557	2,534053560105823
-1,7900420338595384	-3,805073233332432
-0,9023470909621831	-4,902509907675045
3,5181289748699607	2,752411549817815
4,1863034586704995	-0,015587939642178306
4,311942929256743	2,555886032865509
2,426224006099708	0,5453446898213012
-3,181895804673988	-1,4078814274278613
2,5749898800741677	0,46509825298408414
-2,3706536347673755	-3,6847031154075154
3,0492255762246994	-0,40907149605171345
4,035641855450342	3,1041334143466996
3,9140215035096517	1,3349271680220973
4,648144413931748	2,9878288116655907
-1,3460254438880608	-4,5739607694081545
3,512476762985665	2,8218866146758437
3,4545907416563315	2,8599758196239264
2,8929516378412066	0,3952147423016952
-1,5384397974807904	-4,816308103029219
-2,8071335595953135	-2,251149025973674
-1,1217917861778688	-4,503418302594098
-2,083983955685741	-4,020734168246024
-2,5860851774589038	-2,869249691472838
2,6970225284175813	-0,5667074496244275
-0,44666446499169776	-3,5126766897665247
1,9370325602289524	0,5119961120948717
3,2028696746583627	0,5082831617305015
-2,4527056546430233	-4,416693466995311
-1,6477803808172589	-4,8811724922013315
-2,3921940453853643	-2,952233087832692
0,03862534390009964	-4,459014713479222
4,254957664170772	0,7896647131499694
5,1034005271788585	1,6197033372487457
-2,7704960112111214	-3,2727120481855154
-2,3614537654891876	-3,2722262935817934
-0,34844793662889106	-4,454395097191669
3,5445080258406554	0,7305378154702713
3,352728164394466	0,2586241263858817
4,210359537836822	3,146030607119113
-2,190517846540293	-4,587795542994797
-2,7927671496119544	-4,070114932323307
4,017148312003672	1,9697882371873794
4,413080953098408	2,8761595083959595
3,9470148331871577	2,986658860882083
4,080813372027961	3,450974913921502
-2,0254126144700977	-4,121828400509663
-2,448043368106631	-2,7992909200688274
-3,019720343926319	-1,0694360485037546
3,3487851836207607	0,07082156942252249
-1,3649255352942131	-4,815660279364582
2,2539739839367643	0,2276563378245111
-2,5480723874717612	-1,833855436332019
-3,0400488689976464	-1,9198857866333165
-0,40758170233500557	-3,4422574244324844
3,8973017308592954	2,534633872533954
-2,010793059871582	-4,32467895411801
4,0760956132501285	2,5122668107658317
-2,4524991144366237	-1,5421420678542073
-0,08604289033712664	-4,136739325441152
3,8116351836447593	2,358543032296061
-2,5445731962404725	-3,93953380433081
4,053046541780156	3,031364322937339
3,8335161394344546	0,8303151797460313
-3,5452775835911594	-2,1421173222896743
-2,8650800241791123	-2,7126431927490042
-3,12690956164006	-2,3433260345794142
-2,3191033233900953	-1,7897664832141342
-1,7286122856215835	-3,644811378003877
-1,4080426272075979	-4,4085837716568586
3,6042409785066285	3,303500156198831
-1,8806648475958103	-4,161304339326639
-1,8513132946214101	-3,762046484841955
2,740581449234173	0,024423022383641246
-3,435281051062468	-1,3974261776548649
-2,7707207639539204	-2,3882286090069194
-3,2594334339265085	-3,16529642576506
4,693601894021533	1,4248590359018833
-0,14697987258597278	-4,239718050752886
4,183309634321121	1,7659941514857376
3,9055134780776806	1,9561460037586191
-3,623156568946588	-2,417693089214817
2,4226174896704693	-0,3055212455369314
-3,0220585996465377	-2,84229140704498
-3,4651877625831764	-1,5485465352107193
2,4352880290917978	-0,5896431705834204
-2,6073472671248563	-4,313535828767089
-1,6981538612117517	-4,230899670225224
-1,8773060727941615	-3,9484643181644823
4,390964014107587	2,395007182173546
-2,8487503340519824	-2,4788631403395183
-1,7510427043756156	-3,8761098411510884
-2,460927554406682	-3,8104178547169916
3,7071301633245692	1,120345703647111
2,196381675157373	0,4615264617484949
-1,5025044976296105	-4,0562611639928
4,092167023416335	0,6451503485954375
-2,2868369037694007	-1,6399921905883892
-3,2223964045793103	-3,948392650746911
4,806185102035536	1,9374946955069317
4,051693068883755	0,047262912623231124
-2,25327795307963	-4,492597010191604
-0,9826279447542646	-4,638093565581886
4,180238423974336	0,8109507416194011
0,19379862890996513	-4,411472888058979
-2,7834925936326274	-3,704283612770398
4,2142222774658205	3,318929550460397
-3,267049315521259	-3,126853660591969
4,018506874247732	0,3783865152518884
4,341963235996134	1,6000471816908979
-1,9799176390230053	-3,515547494039522
3,852402897845198	3,156807659022652
-3,4872390956671437	-2,1303694389694576
4,024388066634703	2,63438974018979
4,151351491758172	0,46716089715715237
-2,7623177084816093	-2,1989023634056064
-2,691049297805618	-2,2567465742945214
-2,5260709945375552	-3,9238148291657637
-1,7729541812170577	-4,463993922449484
3,1268521537853537	-0,5886628598846291
1,9719184541497752	0,06665615031894934
-1,038825926430289	-4,032769427995612
-3,5201265333089156	-2,659766121322173
4,384763364143785	1,793687727203731
-0,6638832952441641	-4,128144736808393
-2,2497181440323852	-3,9963764871323817
2,0608776336237584	-0,6399579141900529
0,03540267828439103	-3,83113027195689
3,954315414170533	1,0185029488825608
-0,5804853352293725	-4,673513210817795
-1,9579683697238224	-4,437892905772715
-3,255345718373746	-2,9699101619480315
-3,257213132312357	-2,6765512384530092
2,464298884992513	0,2312970547419304
-2,2227028594544347	-4,298286924412824
-1,153968696608389	-4,401897296475594
2,0312622221830416	0,22404267090814667
3,916038523219737	2,0331427643643307
1,9548246237809743	-0,22045570912248236
-2,6502457526380976	-3,8555464849479772
1,8522274488255337	-0,46090832401826853
3,9825929065810426	1,2867451860829653
-0,9023188766652258	-4,240333711440034
-2,2361158437061803	-1,592103699068531
-2,7563835286153857	-1,3963798985949516
2,213534799021169	0,29427489667300644
3,0071051139909293	0,5233821532136158
-2,837630189736948	-2,3042886331113976
-3,2545937693901092	-1,9566791198354951
-2,823389529650075	-3,4020181916810346
-3,285068505534245	-3,574238247833413
4,492474399867566	1,4770733248516226
3,149744454041103	-0,42784884640489196
3,914156255103647	1,9906220021544074
3,780793208918314	3,377758371784827
-1,6073097325187347	-4,349588738172086
3,9777487577289294	2,3616289431363735
-1,2551366952810756	-4,716194106726136
-2,9798779769148407	-1,3440631256655498
4,6762566643964085	2,371077827419458
-0,5341875090799494	-3,8433830528198367
-2,8755476925725576	-1,121230732565707
4,066670763968544	2,089770755034838
-0,0366342048902113	-3,822257241125425
3,752494115293202	0,6402502788409923
-1,002861698395232	-4,364820052702726
-2,599765724283354	-2,4680815650461967
4,3749232349409555	1,8147852706837213
-3,131665244275273	-2,693115066512723
-1,4132667092444136	-4,249584586555313
-1,6288894900979376	-3,6377618128137037
-1,8311101560461993	-3,733005047434567
2,2093642018607813	-0,1583057423387615
-2,701598660997151	-2,4178387711830593
4,439742232417185	2,1585966477172778
-2,9724912386186384	-1,3094699547846016
-3,36190521830198	-2,8316403888548356
2,6390615977203846	0,41826958939554926
-0,8875507813578616	-4,4540368598107065
-2,163123860132262	-3,305993794307859
-2,512654492101663	-2,165464725026907
3,909783106676019	1,3764394116717582
2,4297228792103036	0,12557035827964458
-2,283398686887156	-1,4789440313326792
-1,7913620811665436	-4,836566293903013
-2,327810499590375	-4,628603947489203
4,5511930759402475	3,3663210365797314
-2,188889696407676	-3,4746833022951202
-2,7234336486738915	-3,354691633087735
-2,62878617593542	-2,0301221549848893
-0,501923308051498	-4,729392841761062
4,713516549214157	0,786261628064143
2,5696112916448826	-0,703396027903505
1,5022607659373934	-0,37849922950268455
4,837264655421505	2,351133957823194
4,694033642282202	2,4190493601815906
-2,645520567370813	-3,962508571124144
-2,753578173755379	-3,2343353381459554
3,67339795913444	-0,16185319461312186
-1,698193426169243	-3,952733264403906
-2,407247555270091	-1,795270256763486
-0,9488069597729493	-3,7308764899764046
-1,586480069117962	-3,659984379159873
1,6921545934569873	-0,00846693274850896
0,1360747950195922	-4,0356727037746225
-1,7825306863494164	-4,728472849633567
-2,4028274450358795	-3,6020349549728023
4,668734844869688	-2,8546978392392557
2,175665450038693	-0,34921018320602126
3,6217835410848	0,30184241381728283
-3,071527335349799	-1,6888986033724254
4,500471240511806	2,308609804445605
-0,029949814432230326	-4,352113923975602
3,765825887504545	2,4186070350920095
3,5342344411813396	-0,5169451698894951
-2,2640850352480255	-4,6861582869132175
-2,463357049799164	-4,21781588357984
-2,1726813996714727	-4,6633840423046955
-2,3006697417961406	-1,652489448246534
3,52938512334579	0,3156236518462776
-0,22199734361566992	-3,9267527632308226
-2,2532763907201625	-3,3535535450553695
-0,33365701225692657	-3,5066427623932377
4,595415992833034	1,2747252549515116
1,9361546619390033	0,6379987420654336
1,5847113074590626	-0,29852520224223955
-3,1222353672312444	-2,1088104079683228
4,865826539803895	2,819365163996822
-2,992389502505018	-3,4297570158490744
-1,5043283491953028	-3,8134067719728506
-1,7920026128856912	-4,172372227784813
4,179974044811619	1,0892199793021087
-3,1165809384456358	-1,3183812102514496
-2,7301752633962573	-3,112216837845507
-2,4262771848348135	-2,0242347465694386
-2,8072831279596135	-1,9106057785058685
-2,989657475901443	-2,4791237649224582
2,5481337822400554	-0,06596386442701152
3,4230885560698776	-0,10372246479743996
-1,4178992019273566	-4,776651940822228
-0,17417971727083814	-4,477651937371432
-1,5078049508915614	-4,255646094360744
-0,41939310742324776	-4,762061972128997
-0,876714682740158	-4,789614561708534
-3,538105947686288	-3,022375800004307
2,294986329334316	-0,56505252937959
-1,706236954082029	-4,068516172080622
-2,221521696665372	-3,7240500615297023
-1,4448742650610396	-4,4819118851292385
-1,6147459904069819	-3,6775420766226303
-2,7118081854685983	-1,6162679204303125
-3,445205926451795	-2,0768450280431496
4,277169080592335	2,5365242547934055
-2,7798863429781386	-3,238935517107648
-1,0717120931842672	-4,585044138694235
-0,7034960625301648	-4,431934101860391
-2,776557169250677	-3,2475566334720147
1,814310740170233	0,35460714923876413
4,525098288733309	2,342172571279723
4,741057478016496	2,026468132944393
-2,81559865771357	-2,309214116751191
4,919565017568136	2,4366883538961823
-2,3589331943801466	-3,9164085410404406
-2,8886384035382937	-2,1488189593753493
-1,9315975197145994	-4,771647717237876
4,219245235994005	0,8577758694944655
-3,1342337923275743	-1,4867676520130049
-0,17539610856946064	-4,667407078788923
-3,651302389726947	-3,0758208242386824
-3,1083154211083355	-3,056554953193132
-3,0130612421340452	-1,8373338690408012
-0,10663583941952215	-4,228172830418877
-0,9070394160466541	-4,167186898722542
-2,7556309684290876	-1,715988378704978
-3,5527668241338177	-1,6668920678600987
5,0829377251607655	1,9510676610788698
-2,422100993408014	-3,1523339844334113
3,9571333255843335	2,3619814972666973
3,9071274735928823	1,513527863489313
-0,7849299709858123	-3,9895049864794396
-2,7307065842007243	-1,1055536928543284
-0,694549523142871	-4,185290832746565
-3,3828490331233	-1,5255521982088927
1,7948620622518034	-0,09226337572260257
3,890108179558188	2,5171887373046555
-1,2865812754274906	-3,8541653384103816
-0,5965413867440716	-3,6746643309974227
-1,2664112112115298	-4,16379954193774
4,241381116792557	0,6986482052951637
-2,8391415723608366	-1,6260230785167518
3,188524507830486	0,17269869089591916
-3,2981854725817183	-3,1487585982447
-3,613803285465497	-2,677837756110451
-1,5587823304065973	-4,136294645276809
4,303810495049653	3,251246935782819
4,694702042924543	2,3096197036786523
2,1916185108141346	0,24679903791392732
-3,3387273184718826	-2,8743111885181594
4,498936200957931	2,711810033580919
3,5765341695689807	0,2881644631513327
3,6990032445026038	0,5524141299282022
3,827593235194383	2,707360148621059
-3,0571221622542204	-2,635307643183152
5,09484817198184	1,6629584717831223
-3,203184716052274	-3,7032739424673635
4,697526199591167	2,258203800563545
3,767499523191005	1,2555341560213351
3,9618683505574017	2,026533395548503
4,704354741618804	2,2081203727654666
-2,026171385814236	-4,093231239899193
3,248711656344854	-0,30230049078607824
-0,383832758342983	-3,501404452114289
4,522431977698882	2,8050676907833543
4,132313953581576	0,2312147555068753
2,1875733187491906	0,4054616545482739
2,976619477317354	0,3018887237228407
-3,058020281953013	-2,432106631847261
0,5858379891721395	4,700662240484061
-0,9795004868795957	-4,691526583484549
-0,579144729756867	-3,6003307666607425
3,0442305909359666	0,23200741797140312
-2,6889000333265307	-3,266993820756796
-2,4633696925727104	-1,2929130976553294
-2,7233008468596633	-2,698873946848683
0,2264958998640425	-4,45960800785868
2,3087637460821204	0,03969768956985087
-2,350755125447165	-1,5324784175177548
3,7877690295998705	3,450522076030494
-2,313414890673341	-3,8186708952103547
-1,1909526594790867	-4,256695232804529
2,146154892342253	-0,4296451757432682
4,001314154377488	2,307261237494851
-3,1912434020965277	-2,469954824078692
3,3699958769505742	0,4733498247308989
