X	Y
0,31108053549979675	0,49709088716467215
-0,5228939801812467	1,6745547225680912
-1,4653461803513057	0,6942333505334821
-0,5173735631316106	1,6777941848703044
-0,9840768998059896	1,3864205360194144
-1,536379438994647	0,504163515004755
-1,4017098697396366	0,9505215040688837
-1,321316812901686	0,7791490617593816
-1,5893024178995	0,6172072641470276
0,7924269071417894	0,8331554230022248
-0,9368166215592137	1,5377945081345508
-1,6493367288317922	1,1646254105848635
-1,1288586369174327	0,47469664322726995
-1,0714025105883855	1,3669563162310139
-1,021574987650566	1,4775855716315531
-1,2946456783815092	1,2159977531920187
-1,3123512496938061	1,2619602465284347
-1,0750091724524167	1,5042880286443792
-1,6957782974397575	0,9840170636624233
-1,279643941038187	0,1771178172796818
1,0063987120658653	-0,6547969555332133
0,2442443113671714	0,6636972435925114
-0,9354837274838343	1,5193657435818457
0,2069768666872629	0,7148673250951003
0,5855097062388028	0,6212319088400922
0,48052055845982244	-0,26202339112889017
0,6694951840120935	-0,59770987515768
-1,2435568460619886	0,535170321478553
-1,090860506861429	1,4789284188295242
-1,087657407648654	0,2603626401604946
-0,9664172509764347	0,3890477404648515
0,6077150239249458	-0,5400827314228852
0,60178305474974	0,7116179871435881
-1,4490746216057255	1,0596101090580285
-1,5021562348546342	1,1372309841732338
-1,0124498484605873	0,42010978670195287
0,5968293175356452	0,7029812217193032
-1,2651993395309973	1,2533730095068671
-1,357687962742288	0,6741136883191755
0,2391763682346152	-0,27024024939400115
-1,2918671769957117	1,1959044439274118
-1,5891044291795078	0,8929585238684404
-1,072339823578555	1,7155306839462188
-1,3578463991984737	1,0464689706508623
-0,8238290549609881	1,6424913141991773
-0,8587805107538128	1,6021622474193713
-0,7449441382067994	1,6867893448248483
-1,1213347216368086	0,41986197483422816
0,3793226204600134	0,37281980679083476
0,5672285379345184	-0,37881611587957764
-1,4145197049772147	1,4217197879100154
0,48990384858321784	-0,3472712051234236
0,7749596507573073	0,750201920963765
0,9363974733254894	-0,751771482677874
-1,1827681136718362	1,7036902456146141
-1,481899249650515	0,6028987347160455
-1,2368951113037276	0,6527472632805269
0,829167667880094	-0,49650370041910696
0,3947028494107242	0,5468230383915614
0,7757617779763116	0,724149168735575
0,6902639969136186	-0,3852025943783438
-1,4141719859258048	0,400180765845339
0,7944723724782212	-0,5221450721005767
-0,792457507441019	1,6447312239047682
-0,5549742731002315	1,3702110340939595
0,8261946221078464	-0,7221973411803261
-1,1283656786680782	0,1467961399783192
-0,6511549142026523	1,7242763082479708
0,3456616675490287	-0,1761502012887574
-1,208359806027226	0,4776784284341891
-0,49065597311580006	1,4344718661098035
-0,8549046731844878	1,818592377496434
-1,3788721340386314	1,467357060073796
0,7390064471115648	-0,5673446980955938
-1,1858762530958935	-0,015218023551251014
0,7247013220889934	0,7869166861705431
-0,6061269891721144	1,687229977096746
-1,1205532729794458	0,5011076690321264
0,7534808904951422	0,9302378798585574
-1,3748060695734714	1,1922404670209397
0,47254028268503956	0,6603545040122261
0,7044119323373972	-0,20175190863728204
-1,5353683864024266	1,2240430016715083
0,4961728557641364	0,7818411032376305
-0,6664829442958091	1,7181728035850155
0,4525169756155847	1,0682725034697858
0,3842095891394701	0,8823260137609704
-0,9530588391698	1,353480665386216
-1,3440289842641404	0,2979075132345056
-1,3030614043783781	0,6938299973895384
0,8725248549143501	0,8568886352088526
-1,153573053795793	1,4643681433364981
-0,912904762008709	1,3427694913497927
0,7502297723821216	-0,43065871606941264
0,7763130145530512	-0,4397102663544229
0,46132364576010865	0,9778643223674213
-0,9596297670596579	1,677434418517588
-1,6324792190622623	0,8078542690803494
-1,3017854077373268	0,984466289759748
0,41296013036858736	0,30575261203257387
-1,369700923860357	0,3961290417460954
-0,9566618193511646	1,3205213872058206
0,46530093836070097	-0,3445439811422073
-0,952669189043365	1,3188160287459871
0,8646650986045875	1,1727934627526673
0,36747154864551357	0,5668015671615919
-1,7167577276280872	0,7725175852437025
-1,0523459731961007	0,3587189913850787
0,20349803115108578	-0,002867541285488606
-1,3949532988137587	1,5766520360451528
0,06788703472262092	-0,148633318001328
0,6689425749320712	0,9246413156954731
-1,4574553442927525	1,1118749822613334
-1,3679946546605768	0,7410195970613898
-1,4643211235809446	0,5057518098039491
0,34348207906114225	0,2363276474784834
-0,3853388597071729	1,753995267108114
0,8385788077971051	0,9236854015228716
-1,1054964397133433	0,42294727568645785
-1,6626008258645197	1,002158385682493
0,24374255819892787	-0,36404585466515416
-0,8219774902054281	1,4652846593412256
-1,2807886678863398	0,7126745056297987
-1,281883653989483	0,7683349535383472
-0,706012459128318	1,3507208110060112
0,5766059822104955	-0,3844808323579665
-1,543690676748322	0,45693059757009613
-1,2390940613895292	0,14888473310120065
0,6629401466693	-0,48831671418927736
-0,7295220111560313	1,6173078678544512
-1,1519397415309791	0,5621653047728344
-1,2230634433281247	1,3115202661370409
0,40944124697573714	0,18316815549928928
0,762995180431861	1,085803361373765
0,9377727575746535	-0,6830438600742849
0,3176443529232449	0,14078565414383698
-1,1706602110300106	0,06540255273806983
-1,0477858624566259	0,2452178278259327
-1,0461725068610337	0,3466902043989357
-0,4370707535918671	1,6019955937866932
-1,2321939244366908	0,17753993981995375
0,32781028613036367	0,0058716114527413155
-1,428513095835097	1,062982387195283
0,9962997190778458	-0,7549911620012226
-1,2405918366667832	0,6532780231049786
0,7842111356469453	-0,3717242323275721
-0,7201500342800717	1,5749908127662438
-1,4763178793779792	0,8073302017847199
-0,787756997768265	1,6194941208489253
-1,5362295437056228	0,2607634960124663
-1,3730506532795526	1,2086141730343873
-0,694953341304113	1,3683044940718667
0,46966296502374144	0,09974745094502169
-1,3206031308636814	0,9558761332551972
-0,7723173506223133	1,5980470330846903
-0,6589039027480015	1,5018434968444936
0,7326455550162848	1,076143960154406
0,5277499501621297	0,9205890768071606
-1,2530233294210502	0,10295342089282877
0,33482247853175306	0,4041379874948185
0,59541128115349	-0,4813079925371294
-1,3167709894965725	1,4452786104901432
0,050601430519253254	0,16221879520672006
0,494584153521758	-0,3526532639880262
0,6798030118714956	0,8803451420269801
-1,3628098987372619	1,5413058195560922
0,36492563168035963	-0,3140990299477383
-1,3975213166040408	1,4712943964344625
0,7852319704423959	-0,7137582406377609
-1,5011876889887565	0,6106930664807936
-1,2457737403127784	1,6420298927581207
-1,1826217504103496	1,1216699030522235
-1,1968504538856424	1,1761461973939122
-1,2636005092269975	0,897033791313677
0,9541036333814839	-0,37707029244579116
0,341587227916923	0,09994326710715229
-1,4303537577610357	0,5906632539140134
-1,4099948359120456	0,15041374156025733
0,3360323839019579	0,8281572270814833
0,31658612164197253	-0,46847160975036184
0,42835129578830655	-0,5178135003367099
0,5118761476916851	-0,22793325192164254
0,7721176103851314	-0,6773962871122676
-1,6763396385567724	0,7680992148460017
-0,7523690163132271	1,7382756124792604
0,6496676630422096	1,1263174623746075
-0,7732861621195452	1,475634418391421
0,40279127126762615	-0,42441025603494975
-0,9577927358497778	1,569050840801677
-1,4830317074532102	1,3989920553609383
-1,2046966620679558	0,48677552087638476
0,4941326838472648	-0,37653122807682193
-1,1860891558055937	0,02346380297196926
-0,48220944373181096	1,6863844598074085
0,36539127590688536	0,9837712619765688
0,6375847921144318	-0,18311174142260944
-1,224122862937198	1,5568953220228832
0,5794550507060765	-0,2929947695079217
0,06715519453125629	-0,1111212880788719
-1,3837516934452458	1,2520770099765843
-0,41166982946139974	1,7245669391672844
0,939347537513978	-0,30342771567123517
-1,6820843660086626	0,802687222862787
0,8264374750399776	-0,3171461287119992
-0,5308078950048084	1,6862089269062328
0,31728916640076466	-0,042314203475396606
0,576259669696255	-0,2317108131071534
0,09592133528146751	0,6190499056358458
-1,4962924146072971	0,45422738688796654
-1,5753832425743854	0,7945560097811193
-1,580923565431167	0,5136849070870129
0,7699104713760572	0,7674243646484012
0,16162093237913644	0,786475158545786
0,28586943632172024	0,49721630672324374
-1,5233035248591202	0,6671260402674748
0,7559785536124202	0,9389845978134008
-0,6787815052744003	1,5968247900763322
-1,4085489557558617	1,2905488332561421
-1,344030231217892	1,4002835035599646
-1,5481555876312485	0,4655630787739854
0,255726133283264	-0,23211865326386577
0,46674714519957716	1,0280725075395574
0,06854622732034887	0,3511123507694798
0,7154918397940115	1,032036428665836
-1,2586184373547589	1,1325980021321045
-0,5971199524020598	1,4008762799182481
-1,3411524337013174	0,8750059230212934
-1,3676872236928157	1,156703753895871
0,6848792682428305	-0,19090790682613568
-1,4462598699695948	0,6420470700547821
-1,1172512832592358	1,2891940275994354
-0,9960692540210878	1,3121592049388306
0,1560935600280826	0,017137734056841603
0,47178019479101	-0,013999757687591874
-1,2930300311950833	1,659536112207815
0,6843012101664034	0,8936104805832958
-0,9231085850699945	1,509070996138803
-1,3895506838698226	1,1610966895518433
-0,7616967627276268	1,4730018474477096
0,47403944207822146	-0,22431491224711886
0,40684923352915126	1,0731345539045618
-1,4226319320930898	0,7405535409810098
0,385237574556919	-0,3288341192413995
0,4280043035937746	-0,08572340703764608
0,624014606294652	1,0351317871599144
0,6909230817087673	0,761799669350324
0,6034098472926723	1,1403074196792373
-1,5540910889066883	0,8814632717189371
0,3060681289928522	0,04354795048978799
-1,4237088830826492	0,19712516102660393
0,8775466164001232	-0,5157872090125999
0,4552499466277961	0,35991150293905405
-1,4963154348894283	1,3271557332214017
0,7342393145817758	-0,32301301401801974
0,47913919122604876	-0,05916057647737827
0,39435306229473044	0,5690091871634451
-1,1999421347859118	1,3310653040287006
-1,446863512999499	0,7594387515528528
0,18705976934206148	-0,2027684978038321
-1,3091089328694405	0,6263785095331941
0,7335728251211322	0,8820654074914002
0,23636220167292354	-0,3068494779710359
-1,2337262719797786	0,39403321924802376
-0,9033137944099571	1,4142186562685128
0,29875512189147546	0,4789891522003278
-1,0482018730329679	0,25794580243002263
-1,0947459971506153	1,301063208926108
0,2702637473666575	0,4052996244177798
-1,3979077278846166	0,573671824782318
-0,6360988472035348	1,5828580586836107
0,4889956227314457	-0,5666025900547895
-1,0372614812555208	0,44133742031770407
-0,8831319019667778	1,6823606817034205
0,3755638394518491	-0,33367230907478485
0,4943284584891518	-0,22177932085037533
-1,0294923242086933	0,30801837837013635
-1,269434404357916	0,8201650353764831
0,1202920633486706	0,43643139023677635
0,2589685456066507	0,22101819080964963
0,4049621233854104	0,19431471810753626
0,7882807134998926	0,8224133205570343
-1,296621039334836	1,4987055998562266
0,6962566186335906	-0,44911216778570673
0,34606280643979115	0,758191117169098
0,42771519980504147	0,019841226297540343
0,440961065873263	-0,10264424220078161
0,34061993798767976	0,15843369842435517
0,40301867689125914	0,9610248137042552
0,27900221798635627	0,1555055011814689
-1,051639999890395	1,7543883065937003
-1,6397835658901943	0,8348360705235157
0,31363494921595936	0,05095245995963027
0,20858236051588586	-0,20546406200182377
-1,3098000324769408	0,8253657015718557
0,25747526836059953	0,16479458673714587
0,3961397769886257	0,39317884751364757
-0,49817349622223367	1,5990863677719045
0,08188945486772536	-0,097405001349464
0,9136665489492891	-0,6685272870860637
-0,005666752699379662	0,24431259206422642
-0,9515036656880258	1,6617604890928162
0,09423680434351955	0,7433455568086617
0,15479115933640464	0,42624990048783135
-0,572269368007771	1,739688387385781
-1,333094621073577	0,7864469080351653
-1,208108586403541	0,368344147709245
0,5192555834053223	-0,17314867043532578
-0,6041831989760015	1,389483905635633
-0,4581133356712782	1,6469289741529813
-0,7588338332908127	1,6375225251130914
0,3781216871226185	-0,20626383024573353
0,7503549954497377	1,144748028643277
-0,6265423913871897	1,4746458214076927
0,12532352219227272	0,7782592171238116
0,9537192611538905	-0,6234619932170569
-1,3598715971554831	0,9659463544042084
-1,300502433337336	0,932456819516045
0,5996817705288043	-0,49925394529645195
0,9245406689521442	-0,43845942310348596
-1,5793872174969374	0,4884634180792547
-0,8555602847382949	1,3622225921638058
0,5263976227428648	0,6573261032132784
0,819847006927579	0,902209250599271
0,5144638096494561	0,9072411135018547
-1,1272497190942308	1,289653822885138
0,7728351028368987	-0,707968214634995
0,011634817035583667	0,5387717830122443
0,5311204820962871	0,6429110148881089
-1,5057007503458018	0,39056525982398477
0,5940853820985196	1,0392331513274755
-0,5644627156534111	1,7477806823565123
-0,6576890794947827	1,6750502118931943
0,21038686589372102	0,2032043473430458
-0,6480622252519114	1,706755629957002
0,6352931383561686	-0,17582037502520864
-1,4119817834566266	1,4428635817980375
0,0398173357585061	0,21396607546576168
0,3993071975192505	-0,45480358581453306
0,37470187552588907	0,2738946181953896
-1,257548531894683	1,3164714548227665
-0,7565059631104016	1,449505407501736
0,1815446741884038	0,6960908069468151
-1,4013424654314917	0,377972915126229
-0,43219223440867394	1,7818307826260296
-1,3742337212332438	0,9200651818785015
0,27074584847842054	0,23795680227681518
-1,614752780261652	0,7386944574348504
0,11607489450840636	0,34293176343132126
-1,6661266717530663	0,663340846482736
0,10849830732680887	-0,054889937297489755
-1,0142448147900713	0,3692613070342669
-1,1772300115081697	0,5269182236545417
-1,313532327383475	0,9247925649964049
0,5047352946750538	1,0791701108915988
0,807368574319272	1,0819899321086621
0,04941768614697939	-0,008194583796434896
0,7303303830558305	-0,6674854689956928
-1,4542626601021187	1,0147488695732052
0,3784897475054355	0,30550433051732406
-1,1834700165117689	0,1270808318547283
0,26673045088948055	-0,4183858314513933
-0,572391320999309	1,4428939375880065
0,2776461558896297	0,19013336292925465
-1,0861297668163648	0,3706431601280094
0,6220665200848142	0,6341429098886224
0,22878092942192108	0,5591042454102544
-0,6237227240933828	1,6200875634874858
-1,3052025229583841	1,0514668034282635
-1,1003630644353186	0,3643357812856052
0,2481537607007529	-0,17767132121577422
0,4159476452059556	0,46707513178510823
-0,5148247253085044	1,7701583613209078
0,8466579975588011	1,1536618086131758
-1,389070716840161	0,1455486455598355
0,7881465875472227	-0,3284165643466569
0,27561358176151707	0,8559453381114299
-1,4993006392201886	1,4152090420099221
0,998625510486945	-0,6010712743252565
0,20915025599742287	0,6589608932291807
-1,5339154718095291	0,9094311022485909
-1,391400150329885	0,5711593403667035
0,9365606536555956	-0,5531893000436305
-1,29736308834033	0,6266519710650768
-0,6696707120234113	1,8199702813555878
0,7512545115479299	-0,3377047421459839
-1,4974004068627358	1,2508058962653608
0,4378114263536499	-0,031771141768294264
0,32488741402203525	-0,14606134921264136
-1,5078832769128572	0,35944190027006306
0,6738292444346878	-0,35567524195139333
0,4402910520988097	0,8144583786233722
0,49508498549148267	0,003530978580527644
-1,4031481942688702	1,0434634342790852
0,7597127318705742	0,8406492256019956
-1,3748796864747388	0,4530044255500809
-1,656722954666927	0,8288430951191024
0,47091776556401427	0,5305913865306088
0,6756515860489368	-0,2553436316111435
0,11518255110246012	-0,10576244930382028
0,5053509601843349	-0,043197279101439945
0,48532750395081864	-0,03676302323106034
0,1545847812386032	0,24004372515060535
-0,6927776730371873	1,719764510566344
0,7562091844000318	1,16304094361975
-1,3716558244405617	1,3460298671566158
-1,656643259550616	0,9784620593586859
-1,3320572802199524	1,2092693791556441
-0,9987862103845184	1,5817936139236566
0,3491830524845241	0,8503777208714836
-1,0980054878793541	1,3724413797832076
0,37286278131631334	0,02346259397246328
0,2777981439227455	0,8596576762725237
0,3607229908962055	0,9558703472587162
-0,516855900306257	1,6584393428733852
-1,5947777526744993	1,2164504859424956
0,45570831761920855	-0,2947898274272892
-1,5190736972453738	0,3362960932298027
0,34671390778918765	-0,13805522345266796
0,5117201519248316	-0,08625736555348718
0,5193666147152655	0,6883121287519152
-1,1984454999126024	0,6011991495540661
0,21265425736190857	0,5246115645341319
-0,5398806834084984	1,507116514715151
0,1412240196570761	0,29204875263802466
0,014059527769014202	-0,06644221087440622
0,2666533730714169	-0,2813592285359825
0,9276452411339468	-0,6338512384214182
0,5600103252891393	0,9894143287521773
-0,5399891030624535	1,6192889479708206
-1,4576336562500365	1,3254895931238269
0,7230252551100301	-0,48749687533617647
-1,5213473754281643	0,532586143116778
-1,0494976076883242	0,3384454047097635
-1,49450212740113	0,6766490376078751
-0,6835900053155755	1,4700842207850953
-1,1381293857004873	1,2301779616851318
-1,505312889518362	0,6947634566831683
-1,4622911192198995	1,130898320285191
-1,415812250451176	1,2121819454129765
-1,3721621176514631	0,1838936778558833
-1,4516364321947544	1,1974687142622598
-0,7030564514211992	1,3888028926131657
0,07277138993185317	0,11542482167003856
-1,2528704473636891	0,37565813901237366
-0,7194130218230083	1,5713322540083419
-1,0131413702686987	1,7465283317087164
-0,9129375615880247	1,3303516532937887
-1,2127576597383387	1,1065125797620419
0,7602777268447604	-0,7298240570648253
0,3732713125599759	-0,3861251752348889
0,19887788007446883	0,5830670705359988
-1,642739598660583	0,6862118808435052
-1,0280896199866625	1,506396444021422
0,45838669577610425	0,0770774690909079
0,4928571489527549	1,1083061437668498
0,9964971797005486	-0,7385390162975544
-1,7264522051703768	0,9574783147894048
0,326112116639821	0,6619769888094769
0,6485256139196807	-0,15742052950224
0,37100328448755204	0,28755082097856105
0,48020634934832096	0,6273548514606048
-0,9587577289411773	1,3145274426508267
-1,4855975906267038	0,8893626726204726
-1,3519034613729048	0,13287635255017705
0,3534409493282684	-0,3846290078768656
-1,5036220305359278	0,8887848030269911
0,9763109940636127	-0,4812734027198746
-1,2235449179926436	1,2518960342637357
0,10372173707619392	0,4810530272387462
0,49196292489693727	-0,1775560755679429
-0,5425773264511713	1,3136904403445004
-1,478236748562082	0,8958220665866719
-0,6547128308975656	1,8134580756271588
-1,6303732780897349	0,5351092460585349
-0,9180525339759701	1,5638232085714212
0,18091385376876612	-0,15189953112871962
0,3358987726075624	0,8187001709495471
0,7099227204787	0,8652058125586625
0,2791247075247272	-0,02464540140699506
0,7555832498156814	0,9710091467814126
0,7330507542953781	-0,616445485283328
-1,3277324580726697	0,7716012761998604
-1,0651865756503067	1,40539926217824
0,6214711501956408	-0,29295869987183853
-1,727022822606472	0,9696550116544234
0,21546771041232038	-0,025368206601041887
-1,591255078524335	0,8152260771882119
0,36404048655749877	0,9966290127952195
0,7728840107105661	-0,40653088418050465
-0,5669251113912372	1,5518113149986814
-0,6159860411423908	1,4742262298818172
0,6485615852898916	0,8268400043660354
0,5331441917170374	-0,11046946812353409
0,5188057879162477	-0,09522238811720946
-0,5418286032212829	1,6412649713856768
0,860256858545249	0,9314709813463196
-0,7906256735994679	1,799747965688359
-1,7057341363821261	0,9191598113950974
-1,2470981800766627	0,7601548570777024
0,37774118214117847	0,7172433533759581
-1,3235129352432171	0,6543004355669367
-1,2073320742519222	1,3909692694637892
-1,0312985568076096	1,5106393641953877
-0,9215482614886955	1,482636654224913
-1,342130076928864	1,4087912796428221
-1,2860678200721392	1,08245678248483
0,4292777863642522	0,28915388693851285
-0,3887361090076464	1,7355570351184526
0,3928836147567235	-0,468728625184735
-1,2026317287190902	0,5534470929866
-0,3985514696881847	1,765939246759379
-0,8378015721383818	1,8169619214022696
-0,5616949414311408	1,3323859481723095
-1,0817960271881604	1,3612176240111689
-1,2390313278839167	0,3335440575584969
-0,9684512672405032	1,5312359791927783
-1,2780378608036966	0,991417628983068
-1,2571323164196277	0,3346401169657892
0,3214032343489194	0,17862041463778972
-1,4984665246672813	0,57175909389481
-1,2096463681199159	1,4562554348528252
0,030579375716271673	0,06472652587320746
-1,2686963831074394	0,890736201429315
0,5500936123468738	-0,30960008851808196
0,26687850670720115	0,6591141349561679
0,8452317720411168	1,1808352340518256
0,38808654886113225	-0,18641931688806757
0,191490332630063	0,37859730365510713
-0,6351434775649165	1,7587824375226861
0,2605968507375964	0,34298620989922113
0,5943037005701933	-0,22158457118534913
-1,5220031580739721	0,7833954259318883
-1,202487160166515	1,1658994528325517
0,147976946228754	-0,26551409193291686
0,2147671987063412	0,14009497303993101
0,14451374004997275	0,45166733216629257
0,6927662752090515	-0,27616593093896324
-1,2510280227525854	0,4233824741686455
0,6983145055247646	1,1665148452354215
-1,4230313073816319	0,9411346823746355
0,23845010622773666	0,7574525241769509
0,04950490221416215	0,6266020566902426
0,4758683450957748	-0,41428514831325436
-1,5247919526158662	0,7972400557314022
-1,443843763306623	1,499712719905157
0,1380619911727543	0,8127312960789526
0,11155218799127209	0,26728556965693456
-1,0993630670961998	0,22641178807656004
-1,6010788441578503	0,941633821362327
0,6044777640861082	1,1401634501135067
0,08749777264371505	0,08685093503153979
-0,724503124066373	1,815083735152223
-0,039921690449567504	0,2151505025779537
-1,4597687747393	0,9732324297949198
-1,1164575346324426	0,3590221293730375
0,13531127325497683	0,6305458858972626
-1,2188957844419213	1,4887491243077526
0,38698223893887673	0,06394732205451709
0,5101236542371157	-0,25642677095219674
-1,498820396547816	0,938992695275345
-1,2097251883667823	0,46594844251431883
-0,6676383849571661	1,7919093121953749
0,35241098510950775	0,614879697439454
-1,113781049321115	0,3636559817301251
-1,629267966450009	0,7215549747167525
-1,1855874163695708	0,1659431426561392
-1,004756715021313	0,3581369103355258
0,006456745354308735	0,1966230217052095
-0,0032862568683791338	-0,04635258849580037
0,3135402775815225	-0,35588083254847813
-0,8841200874511495	1,494041442441641
-1,1800313748691371	1,249632966393922
-1,3532066636615319	0,6205209990006694
0,5494801567043022	-0,5738792005269491
-1,5285920201845031	1,0913180306007315
-1,253775709673589	0,8275258960421014
0,5964903270322499	-0,44909762289093635
0,24629700510932462	-0,27794945704435703
-1,2321661466296265	0,5084550409001019
-0,9477612716431691	1,7612892589909044
-1,3028747919239767	0,9601266404293788
-1,4125823122767542	0,708696386620217
0,11311375922724753	0,7072067722998074
0,3632926360179555	-0,39699506353293146
0,3941055191370608	0,5191859262046853
0,6250956780121766	-0,3359841037204223
0,7263098771891872	-0,21451396581202203
0,01589309546468709	0,5192983034445623
0,6743327462611622	-0,24834563211042643
-1,333770487055551	0,6063003898780578
0,2414486965266619	0,03219202406230501
0,4791302963003405	-0,4459526504570297
0,6610716918889726	0,8709376460637547
-1,4891373666943695	1,046525404602677
-0,6140073117470413	1,7793164558466927
0,2649620260042007	0,47435201749523065
0,10028116520710462	0,5793553243285867
0,2450587416599752	-0,42229230551782315
0,48274810445612415	0,539963306893589
0,1970886783106246	-0,12630854124643476
-1,484414787813754	1,3633006236260687
-1,430736196947297	0,6750861328349841
-1,14916713235591	1,538150150698492
-0,6384108997497394	1,3767808103408097
0,6138581966745995	0,6501346362883363
-0,020993364151608573	0,4204016456946784
0,2462986210706002	0,7862806388975654
0,28935596902262595	-0,11510202710009343
-1,4982252897456942	0,4117382526489492
0,5011111608175648	0,5520644337028151
-0,8851338108376704	1,3759336521424566
-1,2554860906048209	0,7373047474753909
-1,6649247760370205	0,9987763398119924
0,629341070362912	-0,46383231375959766
0,37197923696975244	0,18395205156411215
0,09779559023071616	0,3125641027897962
0,6205905807765735	0,6413014739919769
-0,758431924426904	1,573173580394048
-1,3141134617204033	0,2943796072029925
0,33108510491179033	0,2330364824130845
0,3252034371801016	0,2842383484406896
-1,2200754612699267	0,6065551104613016
0,6962767133674974	-0,48043724051091896
-1,1402682938791433	1,759665060321948
-1,2731179101744416	0,8414493709827966
0,9890941524988173	-0,3425922954587791
0,04404845328093354	0,4775418772797969
-0,4282463318247249	1,6099755423166502
0,8378313003472887	1,0443203031891437
0,6716870013541552	1,0760319639266251
0,7749949821788868	-0,31895646798238686
0,5432796071435093	0,6474189905832552
-1,4583697390653196	0,6090428811119137
0,22002111873746089	-0,2681176126748025
0,568390523487267	-0,27219136451277737
-1,2249141794771394	1,0476334961407232
0,5731451550053215	-0,31467279612349386
-1,4074686453644119	1,5896024238903839
0,5680951820716517	1,1648207798579053
0,3908547409611436	0,11710401718440724
0,7072568149540586	-0,34837203667158445
0,4957300502942944	-0,5869284852651583
0,38764297424099214	0,2874491836012299
0,2561998060951214	0,8221026815697943
0,39161009046449413	0,2341702107151649
0,3485438843921784	0,976060966435019
-0,5600884380329053	1,3951376129899995
-1,1043473628583673	1,3533578006814382
0,359589533957285	0,049524416529174
-0,9190874373877056	1,31805941008836
0,42708197499014056	0,24693653329633475
0,5069293545373852	1,0343221477868447
0,40516035337154177	0,19674474226639974
-1,5265516313832401	1,1814330874341294
-1,0960345848337023	1,239649217390197
0,42867229669481943	0,4093304779063502
0,8872493390301477	-0,25704832256596677
0,4447239846704475	0,45881098247192176
0,36982968179797715	0,07226749394216292
0,438465257274962	0,35682179244228074
-0,8822984907237176	1,3846624138453305
-1,251825886537884	1,6161776281255953
-1,479290944267313	0,5523413952880052
-0,5238014619015525	1,7308185006931989
0,632868673800802	1,0314390329428629
0,9089293683992375	-0,4337715509354009
-1,2879673824288043	1,1104157904333654
-0,687177229793002	1,4148623977662012
-1,5097359107816053	0,6669390331795109
-1,3198603968342504	0,20966780412225228
-1,602693479578822	1,2814374268146267
0,25338408133347545	-0,043359960243300355
-1,135627611249821	1,2930267731163176
-1,3918482448682747	0,7862867901967597
-1,381494480310553	0,6653944049944418
0,7926401387946724	0,7779012861809241
-1,477539856608702	0,8992952001742487
-1,2735261796194912	1,1032666800240825
0,5680724209184519	0,8898218234592208
-1,6970239793015387	0,7346496756703742
0,7081644278465964	0,9512093651280242
0,15312403356185655	0,35455694167288854
-1,4675863063588461	0,553350238103363
-1,4281903182475706	1,1437634223334914
-1,6211590950476515	1,215544055612324
0,35818210296989883	0,4128098858670751
-0,6245252492012638	1,4912672631659318
0,26663548800376335	0,06237747365665838
-1,1500750414814114	1,1971010707259462
-1,3066428783932564	0,5029449175475147
0,8135705138111731	-0,2868546299580589
-1,2431183384729103	0,8611039963735444
-1,437697614830455	1,456091161347555
-1,3400142535560924	0,6696228500850034
0,9824620310545482	-0,31702246916127985
-1,4475257106713046	0,6781337142819067
-1,2552414525435078	1,1450842936147945
-1,6157942769936575	0,5812843230267457
-0,6232471618380118	1,748000449857393
0,136260200730829	-0,06157535465040642
-0,7672664723527156	1,5792357834666495
-1,3519402104612848	0,16514149813012047
0,23127791125960107	-0,035193065881448216
0,7568782842989765	0,7873300879974576
0,3893033635694618	0,49933717583174486
0,38513637957762203	0,5912108799329925
0,14652561473876957	0,751272468576183
0,6276119384324269	-0,17033756382088344
-1,2988587142702974	0,4662014471684135
0,8535628557881436	-0,5572549823913125
-0,5717716925332794	1,3633462091489879
-1,5797950430633974	0,5774268579108497
-1,3640043745806354	0,19729680798499238
0,5363436454302986	-0,5292832586933394
-1,4350459076239086	0,639332040785142
0,5472855655438162	0,5886169239245684
-1,2376760474807926	0,5248805696967777
-1,2748326774528926	0,4597503390220486
-1,258376183589979	1,583674352697538
-1,2578384993497127	0,45238807518791935
0,5280030621161926	-0,5006485361907017
-1,308389988287047	0,9824539879835065
0,4294399073751751	0,1931730636737813
0,17863562426829405	-0,23863049271570558
0,19194213368021018	-0,02020270421270931
0,16022749467574027	0,46927562729339894
0,162633330483836	-0,3531962161828749
0,575945018186747	-0,25372292669766505
-1,56012830579451	0,3915415854049639
0,3276720019195246	0,27348040233476767
0,6135581054078352	-0,3102237744802516
-1,4987762243544713	0,33347685088499723
0,8148338325030657	-0,4864370307045609
-1,4346209142308968	0,7312451225941725
0,28295160817971354	0,117885531827718
0,7015124175617984	1,0967701930085239
-0,7466241414153166	1,5145046039638046
-0,7364119432640562	1,5160279090778055
0,2772438108066527	0,9669338568450804
0,47760890560155406	0,917290694801178
-0,9483167974730982	1,474614308451463
0,8628252297010435	0,8459172263819876
0,7558134634756113	0,7143860416192123
-1,219554228154054	0,07112409514565787
-1,3540108103209147	0,060386774090763984
-1,2157571788458892	0,17175817206903266
0,6118729345458043	-0,5653029524420021
-1,5557837264167285	0,8538741328126733
-1,3142975127429606	1,5554687205393272
0,7964772813425589	0,8742773119526852
-1,569574579932093	0,3793245034901441
-1,4098974012393057	0,9441344315848984
0,2643280465720861	0,25065433038098506
0,5820152206019208	0,671147352522389
0,2986659277197883	0,32327465893517976
0,9897558140678608	-0,35301486939895976
0,7271524285371334	-0,4444607208281224
0,20604379799122585	0,4250521217593731
-1,3312827737220505	0,5356522308483473
-1,1794410818470547	1,5449199229672446
0,5521876731338073	0,958022127369695
0,47953345271412223	-0,3225003784608872
-1,045432326060793	1,6685222714327739
-0,012700186684854398	0,22485026036383599
0,7361297461521077	-0,5623284978398553
0,696956885292633	-0,7182751971011127
0,5380922096452707	-0,3805104505581379
-0,9215578190961218	1,4039959817577645
0,46703238529729607	0,6306957235963306
0,05076992770979982	0,6699797179054079
0,30754639076915924	0,01728628282212999
-1,5121622056083566	0,567905849893546
-1,3020932824988134	1,4190329223872191
-1,6408323250009844	0,7347245250215699
-1,1375726092673393	1,3988591804601875
0,7454086020969535	-0,3420767057742239
0,7742069342824287	-0,6774915794246086
0,3897416215850794	-0,10619535617088127
0,5621741061268877	-0,16510646801157758
0,8290915478399311	-0,2612471415176303
0,3046118543822348	0,03007469858157366
-1,2571260790322314	1,317758276413891
-0,9813205940399654	1,3859287387816592
0,7376230094107156	-0,26250646402447975
0,5903572389736931	-0,6849589999865134
0,32959190919426307	0,7636811320999142
0,36460142447910615	-0,02323002259472612
0,08871085752168217	-0,09695880619049768
-1,2091175565342196	1,2074925351223906
-1,1682573297033438	1,4974329674718794
-1,2796991746231439	0,9721795220002901
-1,9036858027525843	0,27861792364747107
0,0704742383370307	-0,1722722915877366
0,3606019613950534	-0,40820264942758366
-1,541282682737	0,49731013301672544
-1,3508351032521033	1,187569570264715
-1,3996433586858505	0,1140732684954997
-1,1921556038724004	0,5135228567243845
-1,258011829043409	0,9351246485919825
0,2923054208997904	0,7630136502120601
-1,6715246034858873	0,9128626704092294
-0,9645572741784878	1,5173622530773025
-1,2023001920872913	0,5954906158374536
-1,0231392706113074	1,279427314752464
-1,5111992863679244	1,0724363128099677
0,5542301379075596	0,659844532821457
0,17327499222994147	0,18962835078487955
0,3725042560461338	0,606951104325878
-0,7032277865672589	1,6486808269024942
0,6152450010532375	0,7964088323890504
-1,1077970342383554	1,404623402275073
-0,5524961466238616	1,4795752619912057
-1,3202020085888806	0,42692620055552793
-1,1003029630382364	1,3807662731443817
1,7974287064758	-0,9009852838458028
-1,1165132805797102	1,6722869250403234
-0,9360755201069851	1,5881465556410732
-1,5571364989955667	0,846259479763748
-0,5955445647908544	1,386747488276508
0,7167771726623615	1,131843332013896
-0,796494995434225	1,3821071621039616
-1,1923278468497156	0,4763910217803064
0,6585547245658915	1,182702168515209
-0,8344798288081126	1,8015539446166353
-1,2156829279250387	1,3018693172692186
0,2184657072546956	-0,1876858208659285
0,8808033247609002	-0,4700229850221568
0,7639533503844547	1,1121213603530369
-0,3732818311671404	1,7744453401137257
0,32304709138063004	0,2926446483380147
0,3016552372817959	0,7344778474417493
0,4685031567220136	0,6028472814881143
-1,2461270556496165	0,6769133534351558
0,32024486131577923	-0,16887589929609065
-0,6120858770408151	1,4393353748739686
0,4554709230347259	0,6314546103325718
1,01149734254653	-0,7413428265985473
0,5020276040424524	0,9369795874109957
-1,1719274132985706	0,31451256246450643
0,7975792830875589	0,9957809221455829
-1,1530447552036835	0,2403497707012653
-1,0965005651948403	1,5149027545442144
-1,2394929810673982	0,8893466099783709
-0,7807299126055507	1,4759439349205516
-1,581076031654638	0,49654645929136393
-1,2592190549306517	0,0038649669091709304
-0,7776822942803864	1,6768946992529066
0,8719768439201396	0,7656888025488104
-1,3937488916557148	0,3909146634726707
0,31142059907198827	0,22524629877448182
0,6233973708407539	-0,4037031236961084
0,24437640997767407	0,7754269679938663
0,5936815578234058	-0,466008589530172
0,42210459913618437	-0,05014887864972484
-1,0918316165529292	0,22011864542517356
0,08897733011575992	0,3510528067642331
0,2668597567292257	0,5127947859935664
-1,2109461162474657	0,6612660020243555
0,8120071715412285	-0,6126167818721755
-1,1071847221526652	1,2157033016528374
-1,3584457728390191	1,1758667854884972
-1,2485373827191242	1,1472109512807924
0,7561402817509864	0,8313227144313627
-1,0306907606328304	1,6824333967456409
0,8565917010260493	0,8397141444265438
-1,6329603771293257	1,1103023443541653
-0,8083343428325704	1,746313246219672
-1,438586752149659	0,34502254867094484
-1,3016507561615218	0,5123371366949928
-1,6592493735544194	0,9897391871630845
-1,1837246908028212	0,10512305130690092
0,5613046253807648	1,0066154550549422
0,3815974766764362	0,29596809133157864
0,6904305519084046	0,8984304606087039
0,3050961727047532	0,7241913282730325
0,6720018203868796	-0,5700997887967579
-1,3979138634601824	0,7000302227429309
-1,2638665875057606	0,8908465478467882
-1,2932687233644238	0,21084544950945894
0,5955530894721468	-0,3170183304380779
-0,9263949868685999	1,7444384367027037
-0,9420809447032776	1,4754104920403543
-0,809254293800018	1,4277853946227883
-1,0784606241509063	1,4510436339910149
0,21757271279622192	-0,04202731056527498
-1,4028935999933467	0,8835710340400976
0,9675674072420188	-0,6308912594447842
-1,308251545452844	0,031163138598414575
0,24223952592217435	-0,44530038187033594
0,8723032322305506	-0,5783439627091348
-0,4888360855977893	1,6441505565873658
-1,2282584646870336	1,693467269413703
-0,7311842188552893	1,832794033249959
0,7697992396823379	0,8507301614619761
0,11146848740984572	0,09636449967406491
-1,601331359244119	1,2974087870405389
-1,0031538374200901	1,3894317756859227
-1,1902966767971344	1,6664398704181003
0,12583273374295423	0,009333799109188856
-1,6032223813808573	1,1176859745701306
0,24988397151791852	0,44401969460507934
-0,7249294378405775	1,739152372862513
-1,457677136306109	0,40247455223273776
0,779192768667789	-0,4385305415060746
-1,1714355412061412	1,5681591581442298
0,8075970165345793	0,9881789019650045
-1,191679483139548	1,519713177321878
-1,3040946637556798	1,3616628599232223
0,3388049758185131	-0,2647534076901299
-1,1652996055216966	1,3984822457668993
-1,0886335547890877	1,612094915054218
0,1154051783896739	0,07074662264457995
0,6375721664640885	0,7379166411345648
0,44098161543862835	-0,23085831891258757
-0,7043544810107122	1,7263323522297234
-0,6543453873823126	1,750125119097604
-0,9186418767877217	1,6909045747400089
0,9372189600481553	-0,6749062184573079
0,6669604272954501	-0,19296323673565702
0,23292127095398862	0,23936978828537908
-1,0953456175436616	1,2532822837915734
-1,2974171088503406	1,444174882429413
0,5557237815729983	1,0157016144801265
0,4486254788657118	0,13753394856681495
-0,860295661433687	1,6731822820531184
0,42471180472933145	1,0841796540055135
-1,1831548439751502	0,5689830183889893
0,3934736605171715	0,5785261336242176
0,20226636962926792	-0,1858058053447167
0,4678037064555813	0,0974611347835023
0,3443302882340177	0,8673147407838822
-1,4102762386831336	0,1695392940138416
-1,0736610617229956	0,20781813060052645
-0,8498383513045298	1,7502951326225507
-1,1260591286256691	1,472289503734818
0,8626305677008527	0,9051859005696933
0,1614849787240964	0,5373591528734354
0,39571241587868633	0,6977572793891365
-1,2730531284054396	0,7473702493702068
-1,59867859276872	0,6790035392826309
0,45966864382981015	-0,48346840729181517
-1,663446165449626	0,9644203789096027
0,7352010120797688	-0,6545981470395514
-1,0965629751096686	1,5690544371289428
0,31043662081379886	0,5221323277273858
0,8557137344381414	1,0075865751112838
0,3750540187571121	-0,24853843516749047
0,011301213226814766	0,07753145505960768
-1,1729850833306072	0,4504947772496177
0,4978660241634949	0,4795744979185315
0,4097618639273568	0,05702425063397476
-1,3484444209246476	0,12744882743114772
-0,9655463461908493	1,5594469830809627
0,15951493826513008	0,6290557967139989
0,8947752653084473	-0,3418405819416501
0,5168701257714827	0,6412862407648456
0,7521868496443143	0,7905526764294474
0,63555665970887	-0,20006477807164802
0,6113634632809936	1,0215871056594303
-0,9976336276431677	0,3633811851268533
-0,47210052382377593	1,4817844287728408
-0,8291266026981701	1,407071948314956
-0,022702870433155553	0,3317165486157308
-1,44888384710264	0,47816743625996694
-0,7965338744763852	1,5021836086793343
-1,4139075018186076	0,7788012039005507
0,7934941121975648	-0,34354555259792763
-0,8936840010881295	1,710860312251456
-0,6183320476970613	1,528989956198582
0,25226062601371835	-0,3429817247508582
0,615039918937922	0,7533300063694237
0,7195421254398677	-0,4028994796672606
0,5899369395954959	-0,37686091296933055
-1,4202186767101208	0,335784223120962
0,4090787605914554	0,6046412838569581
-1,3908951723023768	0,8143630864518537
0,39375071796136274	0,17059549076422603
0,46264255579771835	0,7485171155352158
0,44724310327799344	0,3923029028374215
0,8178412413643892	-0,5317913747616342
0,26977924492341776	-0,4286524917651725
-0,5155153572334689	1,644690826730554
-1,0613040159211993	1,2667320596595073
0,7148049750267687	-0,5261517321757111
-0,558172969405822	1,611515963605279
-1,2261505475162946	0,08701903391953336
0,7099885331137477	0,9648471140933931
0,1808492419943869	0,2655645527874285
0,4200665817215593	0,2310840225477541
-0,9079838902753643	1,3254250473499294
-0,796938330352805	-1,6828075352185352
-1,5936988244096009	0,6837965763563625
-0,6210038147468572	1,6881573507654912
-1,3215756657490971	0,4239705666450131
0,39277440586853607	0,2856306853883841
-1,6919717683152078	1,085276478675125
-1,2823604190079265	1,0657235322585121
-0,9963865639819942	0,3312992032052108
-1,664706491931061	1,1489345740543744
0,5528205050388104	-0,25120742606034846
0,5785498350632461	-0,3244998144081426
0,50224952819576	-0,35539844306501633
0,8896455889958808	-0,4297380598775775
