5859
3150
1948
2996
378
8689
3873
3483
5526
4460
4020
9716
7451
4486
9101
9085
2413
4933
6082
8514
4112
4079
3521
5874
4854
6635
3239
4112
7404
1251
5216
8382
5013
2702
7028
7029
493
4778
161
8362
6761
2464
4328
1372
4669
2856
3841
6604
8907
7054
7437
8444
3710
9218
9034
3786
2944
3875
6248
2266
8103
1667
6552
9307
870
6971
8577
556
6494
7975
6343
8938
5383
4004
9139
771
6071
6976
6448
1164
4291
8498
622
3107
3787
4486
2197
6979
3552
3601
6919
8626
6384
4813
7538
2926
9055
5600
3677
551
218
288
763
5990
5258
8543
5900
6798
7663
8622
1592
5191
4658
6245
6878
1804
2098
5583
5004
7274
5732
3741
6020
6633
6157
7548
8099
5713
9198
2047
5087
4657
3164
2885
5647
3883
6521
7080
830
5716
5694
1299
9952
5085
3396
1888
1823
9946
3672
7632
5649
4067
4820
1641
3765
7861
4775
4231
5199
3518
4795
3733
5040
6951
949
2964
2088
1312
2685
7785
1519
1527
9365
6025
3303
9202
7460
3517
924
8302
6487
911
8796
6962
3427
2606
2384
1176
8626
6667
8570
3586
4485
4506
1569
753
6736
3953
5599
347
7689
4642
8949
1932
9077
4864
8353
1268
543
7684
2699
6582
1133
9880
4082
1594
578
771
5989
1574
3596
3304
2531
1981
4362
4186
6201
5901
5810
9993
3761
7234
8622
8723
9396
7977
3885
5280
4014
185
5051
1339
1406
9705
3882
8617
9624
7932
5762
9896
2660
5560
7241
1822
5144
1977
2550
8885
6521
9152
6375
481
7477
3197
8808
3140
4215
5543
3281
3400
7658
9503
3346
1651
6236
288
5326
5519
2609
3411
6508
213
4541
1757
4087
8485
4815
9486
7169
9137
3298
5773
4016
2855
3509
1275
1894
6159
782
4323
9114
6056
9769
6609
6830
1482
6586
8414
229
6399
7614
5634
4749
2226
5717
2651
3988
4464
116
6202
1467
9359
1462
7188
4331
4908
7236
8051
2444
2885
6289
9670
3028
3549
5701
5403
481
2884
4786
1712
2515
2443
6841
885
33
5886
6836
4037
5508
5206
4266
8185
2126
9926
8520
7204
1211
3777
2199
8147
7375
8155
30
7096
5945
8084
8295
4133
8804
1500
305
6484
8996
6794
8202
75
5001
6667
7803
3704
8803
8091
4565
4008
1219
1865
4548
5346
281
5555
1555
1096
864
7486
4366
9481
3898
7411
2301
6104
3144
843
29
8247
313
7265
7728
7347
7184
5249
6175
5594
418
5865
2175
6097
6434
4986
773
719
7503
6196
6418
2325
8803
4659
8738
1345
8033
5608
1577
8180
9882
9672
7920
4056
7005
6105
5218
4030
7447
842
3961
8697
3556
8506
9440
525
7195
9036
7087
5357
4290
4530
4312
3850
2831
7730
6897
4868
9517
8042
4443
968
5521
7546
9274
5163
1342
861
4595
5690
5201
4084
6646
482
7632
8455
7955
7466
1733
1732
2920
4962
2592
585
847
3902
1184
3685
2524
3477
134
3377
6354
3953
4857
6907
9643
3348
3681
4582
7315
6922
731
5543
3994
9327
4451
440
684
2594
5811
4611
8715
1975
1097
4481
607
7018
9936
6679
9212
3225
6664
1743
9216
262
8199
4639
8846
4772
8228
2754
7584
5317
6176
2866
9208
9362
6821
1206
8167
7402
5706
5109
8781
5655
9724
7731
8123
2030
9962
5251
1776
6784
3475
626
3372
2051
7600
1956
2432
2448
7099
3064
6155
3595
6540
2150
4800
4799
214
6325
7282
1442
4354
4338
6096
5750
5851
6499
5588
1250
8190
2973
3385
3451
4668
1709
7108
3265
5549
7814
3459
8918
3916
2336
25
3954
1288
6644
4872
9551
6863
4182
5778
7942
3926
6056
7421
9443
2397
8378
1908
9321
384
9724
7832
2472
2209
7759
6417
7402
6840
7217
6375
4872
4755
6390
6977
2365
1371
3072
2148
8067
2111
5666
1869
5809
7287
6036
2589
960
95
8386
5550
4103
2469
186
8025
2961
6430
7940
1164
897
8549
2838
5688
88
374
2477
318
1049
1792
3942
4253
2098
6692
9071
8089
6649
2168
2295
7928
9181
959
9249
9192
4543
3965
9901
8240
4161
202
1133
5950
665
6190
8477
4930
8833
9225
5304
4282
4942
3962
2470
8985
8426
2688
8674
5083
364
4942
8374
2040
8699
198
8658
2524
7751
6525
993
55
1902
3286
6726
155
5919
8559
2238
2727
9290
5779
2417
8720
2907
4924
513
2662
9137
7338
8768
2164
435
7746
7511
9595
2213
3940
2178
9285
7349
7934
6230
1184
6177
5234
3114
8114
2381
2186
8761
8083
1683
7469
7638
4948
9016
2755
8725
2871
6525
1323
332
3026
2543
4914
846
4154
976
6950
2389
2314
198
613
1533
6764
2475
8154
3227
2873
166
9682
7900
2231
8656
1910
1695
8470
5403
5681
6166
9069
1848
5017
6424
1332
8210
5268
504
6226
5807
5084
1282
8142
6568
4211
2975
9946
7507
4877
5026
9110
2977
2898
5383
6282
2107
916
9784
9539
4899
2298
1994
4666
5005
5515
1400
5095
5108
7978
6042
9601
1390
1496
907
8333
888
6660
9376
3372
6337
6134
3720
1793
6261
9120
3073
3980
9921
6658
4445
435
8155
4344
7533
6560
1978
1710
7466
4188
4916
5791
6233
3423
9133
222
3641
1756
5219
1430
4972
4101
9415
3091
234
7668
2125
5586
9202
6339
795
5053
8682
6659
8997
1048
2079
8569
1028
3041
5105
2865
4368
9600
6504
3480
7920
3008
7546
7276
7566
220
1288
7261
6652
3197
8810
8407
9627
695
202
9208
1760
6185
8039
7228
4568
3997
1919
4944
4822
7840
7270
6992
5743
9959
6546
7038
984
1330
5793
9180
9900
7166
9744
4754
7743
3703
5741
7435
6931
3338
5969
3140
3070
8153
4076
1970
9849
746
877
5711
7788
6736
8636
7027
7286
9774
9074
8639
706
2858
9705
2286
8470
8625
8367
9856
7114
1322
7164
2050
1766
8076
3403
2020
283
9900
6170
6447
1706
6206
3414
6452
5447
7744
4401
7400
623
9566
9055
1088
2003
1945
9716
8882
1125
7142
6872
3794
4502
9773
3442
992
4064
6023
7380
4742
5614
1527
9181
9459
9095
8097
5471
836
7433
2905
9852
203
378
2122
1881
2195
5969
1277
2219
6638
4884
5083
3891
8769
1002
6668
8619
8453
6428
6437
920
1748
7413
5039
4972
5012
7266
2078
2778
9067
6251
1465
1704
4262
5055
3326
4598
9133
3164
1600
5384
5071
3481
6908
6820
6118
5059
1711
8981
5811
7501
2641
9961
4611
5091
9524
9438
9104
3644
3503
1913
1
1265
770
9842
4252
5190
1237
3430
6051
3414
294
6563
816
5823
2829
7293
7226
2449
7730
7986
6835
6704
8552
4644
9397
6731
6486
2816
8046
963
3171
3254
2531
9646
4575
5885
519
7727
1575
2157
7237
6720
1620
5244
6273
4844
1119
4962
3885
1522
778
9591
4125
7000
5118
740
525
5867
8582
8644
2255
7441
3003
987
1434
7951
9280
5418
2097
6616
2188
3545
3637
1265
4792
2343
8219
7069
6630
7370
4346
5384
7279
9264
5426
1063
4361
8023
9449
3873
1444
5285
2418
2322
8072
8262
3409
91
1834
1668
5934
172
6359
1461
7566
7955
6902
7248
1627
1979
4071
3536
2824
9926
598
5400
3385
4120
6268
6413
1504
7489
5824
8561
3524
5111
8923
8708
9518
6704
2512
4078
786
1535
9698
1636
5058
8665
5803
6462
214
6251
7324
3898
3499
7220
2997
6108
171
2448
2007
6817
5132
5993
7436
919
2536
5053
520
7502
7765
3218
8122
5201
9239
4428
7568
6762
5378
8287
7538
283
7857
8970
7272
5784
8650
5911
9836
2138
2235
5594
9365
5948
4173
6128
9854
9201
9579
6036
2878
7506
645
4879
9373
9853
4200
3762
8021
9840
45
9446
6555
7697
7921
6767
7962
4728
3044
207
5019
7962
2008
2273
9271
2132
2964
1459
9807
6092
5857
4161
5113
8452
9549
2623
646
6375
4452
3883
5543
7103
6332
3828
1337
2668
8029
606
8591
3470
1952
5601
9582
6275
3733
9646
7534
604
3833
3139
7729
6855
126
6759
6733
318
4867
1100
8715
994
2515
3487
8955
1090
8069
4139
8440
4107
5037
3167
7417
1223
3196
3475
545
8289
3730
5719
2741
271
3632
9036
1716
4129
3268
6482
8721
9693
9046
7509
3370
1657
6299
1844
5460
3034
1229
3134
9217
4147
7017
6946
1946
1709
1420
7739
6281
4200
2320
3935
9684
9388
9969
958
6787
2377
408
1285
8785
38
5868
9200
6599
6688
5086
509
4114
9181
7920
6212
6511
4536
5682
8691
6827
2963
4972
9260
2685
7318
2887
868
3985
8770
3910
6614
125
1990
7839
1786
4014
516
6723
1143
3482
4822
1488
2235
5028
5648
5242
6224
570
85
3641
9349
8013
6161
328
7284
7147
6604
15
4249
450
5837
337
2092
6230
4386
4166
5156
1327
2146
9119
1373
3294
5009
7688
3858
3985
2376
3454
6919
554
2806
4893
140
6063
3965
5072
483
2076
6455
9054
4006
8795
871
6913
7181
7646
7522
9833
5149
7951
342
4239
7585
455
5936
5947
9187
7840
2430
4093
3460
6736
9603
5741
4765
9872
9659
6802
8946
7821
5823
6545
8652
2076
961
991
1620
6014
2527
382
2677
4271
9140
3238
685
7949
2336
5763
9112
4121
3044
7775
8259
4775
1583
3686
7351
9533
983
6864
164
7369
8773
3701
893
9377
4364
6431
6356
973
6378
4136
4855
7978
9974
4821
8282
1342
664
9456
9833
7554
4787
7055
288
5117
3397
5345
4360
8353
3585
5583
8917
7453
750
5053
9163
2391
4592
3534
1349
4578
5105
7000
4846
9515
5101
3347
4760
2644
7126
5311
9935
398
6655
6207
5115
3805
1185
3021
2901
8297
8562
7421
6568
1373
1419
2583
3006
558
935
3256
27
5619
4258
1677
2599
3621
2635
2250
1521
6746
3379
401
3034
3356
9700
1712
8014
3257
7057
9183
7133
9354
3963
7873
9438
6780
9809
8442
333
504
840
552
4399
7746
1154
3265
3170
5631
3122
738
4965
2956
3157
5075
797
7591
5995
7945
3941
3317
797
320
2405
2544
9210
5384
8865
5307
4470
9871
7576
3954
5703
6581
6284
4320
9353
8823
3536
5342
9858
5263
8089
9520
7702
5408
8468
6539
6707
4494
4958
712
9437
6290
1318
958
1276
9406
9264
3549
4535
1602
9805
4609
5740
6499
6122
2785
1397
6088
7133
9061
6923
2026
5814
7638
1870
9372
4779
1444
518
6519
847
9140
2621
8682
9173
3544
8503
7993
8950
6783
5142
5746
9485
1900
8743
4055
3822
7625
6353
5053
5177
8576
9847
2081
8947
1469
6582
515
5994
9375
4719
1794
8429
5952
7593
6653
311
6525
8205
5177
8530
6578
2716
4941
1074
3090
6108
3965
4114
2922
7559
3168
7913
7060
3289
9982
7175
1320
6659
9409
2711
8465
1029
7423
7603
4567
5976
4496
6885
6702
8736
2502
5501
2251
764
3572
6749
4250
1993
5164
9995
8529
9231
9819
913
13
9732
7129
4073
7057
3509
1780
3061
2852
5078
2689
8573
5999
4177
7302
1634
2961
5354
9432
7463
9044
8311
6753
2468
7064
8644
6802
6111
6266
1645
3879
1231
2270
6942
7233
8638
6576
63
4642
9510
9148
9569
7995
4282
6616
3044
6072
9862
7164
7916
6421
5978
556
4924
9473
9825
3835
5503
3958
68
7501
4867
9527
1765
4676
4508
3910
5446
224
2316
4201
4034
5957
4047
1973
9855
7234
1225
7097
5689
3373
5626
3199
1651
9945
8281
3342
823
4188
1510
3361
5454
689
2867
3422
4828
4113
6499
1348
5604
3192
6734
6674
9594
5017
9638
2528
882
7839
3148
8042
3950
902
2547
7950
405
7507
8598
2746
3133
3233
6528
3063
2528
8125
7244
940
9092
3391
5615
3688
3876
9654
246
1997
2676
6004
2076
2933
6842
8449
3558
1494
3352
8061
320
3584
5455
6439
3247
2659
1884
5812
2182
7418
2309
120
6868
2847
7271
284
8054
3522
5202
3773
2886
5390
2249
7365
3169
577
2683
7969
9466
6918
9447
2639
953
9191
4125
2261
1924
1961
8465
8319
2077
4488
6687
6258
5265
2237
6068
6159
111
313
5019
7247
812
7604
9832
4980
3633
4786
9764
2101
9196
1178
8016
4822
3551
5355
6634
7526
1961
2885
6608
1660
7035
9189
198
2771
4323
7534
3970
42
7358
5139
2244
8402
6962
9959
6968
698
8505
5550
3680
8148
1254
253
8602
1956
26
2079
5248
5455
5298
3747
5408
2785
7046
5154
6308
3524
7219
8118
4652
6978
5329
5590
5456
8237
5582
5649
697
8947
9148
5555
8935
1952
3481
9142
8639
952
2472
7880
7280
4313
7506
9419
9282
8264
5560
3228
5439
7857
8171
775
6348
3235
7956
8
2584
7002
3700
463
2612
1171
1514
3824
9246
261
2480
9154
9739
7763
3626
647
7324
737
2870
4940
6926
7866
1115
4380
65
9847
3769
3211
7573
8287
2946
1746
6467
8554
741
2258
3902
3404
9806
7831
9969
6787
5338
5456
963
7028
9188
8694
7702
5003
1159
702
1883
7381
4984
3043
720
2144
1784
684
740
8840
948
2669
1864
8885
868
3964
7162
2632
3750
3678
5488
3148
3797
4636
7340
6357
1080
2088
7469
7795
8529
9698
6206
1792
4047
4180
7284
9727
2709
3413
8489
6871
6347
7780
6552
8433
471
9152
4945
7036
5574
6063
5908
2547
8929
2571
9047
3845
8280
5610
269
200
6076
6404
1223
5964
1686
4854
4350
5127
6325
814
6817
9060
7577
621
4827
4484
1722
2611
6686
7303
4915
4014
8108
6686
2354
3484
3782
4422
4459
7153
4302
8651
2485
2720
7738
2807
5917
5602
8846
4040
3739
9536
4122
643
6851
6458
5375
5814
8243
8309
1169
954
9387
3
4416
4863
4128
2180
5804
2316
3490
767
8956
5940
4029
9042
5480
754
9717
968
8732
3909
1183
1287
822
6867
9981
8389
7711
9622
3106
7472
2139
7704
9216
6631
5938
1406
4801
6514
8155
6698
1006
9654
1703
1318
7393
4405
8015
395
2003
8613
1695
4441
6787
3048
7271
9145
5917
4596
8382
6546
5935
5349
8243
5536
3348
7137
7040
945
2385
672
1546
7615
5356
6786
8979
456
3737
9684
298
6537
5290
7410
4576
824
1287
7644
9891
8860
3713
7656
8287
671
3038
3023
9242
2090
7360
5526
8332
7204
8405
5410
4751
5102
6550
6809
1272
8422
8816
7698
5553
6115
5105
7527
1993
4591
8964
7840
5889
9468
4631
6791
137
6145
2976
4640
6918
2013
8252
5172
3144
5620
5982
4006
8406
7119
4655
4283
1359
2367
4253
359
5709
2431
4132
1148
7602
3418
5182
4677
2167
8565
4524
9172
2536
3822
9776
5241
889
8825
7615
3614
543
6601
6790
3969
9496
9716
208
9474
7862
4795
3282
8790
1206
4207
1414
2263
2695
700
8092
1495
7551
5856
5549
3369
433
9976
779
2871
2744
3475
8814
9823
1491
8950
9472
2478
7727
4481
6005
651
7614
329
2516
6310
7522
3038
8439
7260
3808
4654
1028
3098
576
4570
523
1376
825
1559
2984
1827
3244
2871
4083
3501
991
1115
4777
3629
7967
8762
3737
4694
5277
7618
268
5314
5842
175
6532
9911
8169
9793
1146
155
9225
2028
8912
2920
4575
6193
9446
7058
4126
241
1476
6438
5115
8099
9213
9902
685
9029
512
2683
7113
7807
5638
380
6940
1369
8630
6133
1095
9654
2061
7951
7880
3469
8532
5929
6412
1273
3077
1964
1461
9880
4280
8533
9977
2826
7112
4315
8890
7023
5004
6964
686
9424
3507
5594
7445
7782
5493
3890
7065
7779
5583
6472
7031
3272
4989
9660
8845
6861
3350
8381
1126
7565
782
7951
9358
544
7961
8424
8549
190
2334
9707
8915
6271
3079
8172
8991
8125
7612
2348
7155
2879
3582
8750
7683
3754
8046
4081
190
9513
2807
5731
7477
2195
8407
39
6498
5559
833
7839
2434
7135
9380
4356
4379
634
2707
5230
275
6039
846
2487
7490
5524
981
4326
3296
9509
3068
2919
9080
9390
7280
5928
5586
3500
2593
3790
2051
7888
3867
7383
3327
2098
9980
1017
2029
6432
9278
8875
2199
2836
8447
2733
1906
4536
789
83
1987
6164
2687
4255
7122
3762
1070
8612
8137
2722
3404
5578
398
9904
5940
7798
112
3105
455
7795
4876
2640
8371
818
6818
9910
5694
1724
5053
5537
7081
9111
2174
6369
4231
8061
3926
7951
6787
5714
6004
9850
2702
8168
5364
3479
1598
4331
1339
2838
5720
9039
3255
4612
9355
6081
6599
9806
5199
6475
5694
6029
9477
741
1953
692
1427
3927
2675
8920
9253
8363
6476
9209
6087
820
5864
9839
6159
1135
7038
6577
9672
3370
5084
851
2527
8108
2248
527
2129
8677
2093
2663
1850
5272
3918
1175
7009
4551
7663
5347
3209
3778
8164
1266
4713
970
5356
3843
3292
1703
5150
1790
3037
3871
3420
7064
6094
3279
4927
4978
1495
3172
59
5333
4715
346
2069
6544
8789
7757
207
884
1037
513
3072
8673
4892
821
8195
8675
7436
5474
7582
5792
5829
329
7187
6260
3703
1026
7777
8447
7613
1217
643
5135
2911
6676
7196
31
6911
9043
1840
1643
4202
650
5796
9898
5985
6837
7474
7977
7754
663
3180
8112
5266
7933
1177
440
9601
2255
4057
764
9013
5569
6094
9665
9909
6515
8321
4552
7185
905
2974
8952
5791
2514
3748
7864
4176
4655
6994
9306
9373
5128
6040
2692
8919
2788
6642
1200
6681
2896
5117
6010
5319
4341
4529
9645
5767
212
8848
5156
4940
4907
5734
5778
7951
6002
798
3403
5789
5281
3945
2118
7497
9023
9861
8821
8448
582
9065
177
35
5026
5673
6033
3183
5410
951
4929
2352
2433
1293
3799
5469
7339
2975
2330
5223
4018
3985
2249
3369
1143
1665
8183
5582
949
8818
9434
3410
668
3270
7658
3321
5255
6471
9870
8420
9428
7417
267
7542
1999
7456
4261
134
9517
9538
4935
4286
9113
1161
9400
4788
715
4187
8532
797
8596
6009
8645
865
3207
1553
8751
3387
4789
4415
205
8652
6844
4145
4615
1779
5638
7322
5606
3078
8145
4295
6948
1496
3662
6899
8946
8443
2649
7735
8448
6057
972
7699
339
9817
6062
1880
726
5115
937
3310
7226
1647
213
1681
4707
2367
8314
6090
3815
9962
8287
4105
984
6884
2070
985
9314
9709
550
6982
6577
1548
4249
519
2481
1742
8052
9908
2191
5140
516
2286
1517
6010
9426
8404
9173
9700
7163
3986
3643
8569
8452
1063
6610
723
7788
1053
2146
6769
3202
3505
5701
3246
5226
8719
5820
2136
3180
4153
8737
4316
7347
5873
8397
8888
7532
2356
6702
1164
8254
3519
6208
5660
6361
4083
7264
6992
2257
5829
7176
4300
9070
1403
460
5757
1557
495
5718
2215
367
5170
4177
5021
8774
5887
5900
9668
9088
620
2651
3517
3390
7237
1131
4061
9731
7890
970
4034
7136
9798
8476
9751
5040
6726
7063
267
8194
4519
5078
7658
5207
9383
5660
6156
7381
1321
2996
9149
8623
9400
6936
6936
6981
9543
8871
5278
48
2090
5724
7431
2299
9610
8723
245
3042
1515
1189
1230
7404
6682
4626
2632
9599
3276
6170
7868
601
3293
9726
7076
6258
6685
1764
1368
1284
9071
5003
5800
132
7721
8478
1261
7730
6138
6371
9853
5811
622
5067
3283
4347
5810
3946
9861
8689
5725
5053
8195
6875
6522
3817
7533
7584
7634
8557
41
7276
448
8804
1390
835
3074
983
1397
9024
8282
8543
962
1467
1813
314
2813
4289
8816
4944
8085
3500
3960
3524
8588
5972
3704
2965
4948
9374
9832
6715
378
4178
2829
3579
5044
1212
6834
9122
3273
4714
623
8002
2017
3126
8086
6817
3861
4413
8495
9116
7371
9150
1128
7646
9861
7144
7865
5270
6991
9418
4803
52
5899
992
4962
8541
7813
3125
4609
2686
6949
6167
3373
1135
4381
8265
9223
7497
6734
3341
4413
7724
4243
6997
294
2290
3602
7919
8993
1360
5290
1151
299
2860
9493
6025
8173
6756
6220
5181
3156
6736
2405
312
7691
5112
2402
7084
9326
8003
1735
8733
5510
5207
6733
3666
2482
744
4102
7310
6010
9762
9786
6230
9402
3624
3473
3614
6383
7586
5553
3141
5941
6735
291
9932
8222
3158
5791
9332
1764
5541
5635
5583
5157
9188
9541
9951
1938
846
7314
4349
7455
5848
2200
3761
7180
3429
2874
1661
856
8256
7596
55
7789
6927
6409
3499
2022
7737
7858
3359
3228
6936
9199
2464
7443
1600
9960
6603
3795
5499
9753
8125
5920
6313
2388
3426
3019
6512
8341
7245
7819
34
1000
257
650
1494
6138
6390
4581
8736
2200
4628
1114
4190
5082
5800
4695
9147
8499
6481
7106
2069
3951
448
4798
7014
9710
3150
521
615
2521
5172
3977
4505
2787
3631
1702
5840
5024
5
8082
845
8515
3693
5296
2569
6456
120
3714
7734
8150
470
4927
662
132
4799
7386
766
2940
7970
9377
783
710
5578
3130
1425
4497
8021
311
8793
508
132
4657
405
9049
1472
9250
2385
3528
4854
7090
7721
5192
6915
573
1375
5319
9811
5874
8136
4996
2147
9156
9477
9074
2066
748
1828
8892
5440
5835
8406
3085
8717
1017
1089
6443
9697
6752
1614
230
2783
4609
8879
6180
4731
7284
616
2776
4208
5150
6963
7954
7959
1015
3893
8106
2727
4732
8604
367
1492
8094
316
5333
9391
7569
7606
8320
5504
1377
9797
1401
7545
5915
4994
276
8690
940
6368
3677
9513
472
7585
2071
5808
9712
2631
5342
9316
8759
8494
5899
5293
1116
1314
4719
1619
7750
8431
158
5431
8641
4295
5511
1805
3042
6669
5419
7784
4260
5399
5444
1917
1664
7919
6306
8251
3782
58
8145
484
9891
5607
6894
6903
7583
2337
5583
7257
1513
4305
8296
7648
2393
8977
2812
2014
3511
1272
4566
4902
6837
695
4787
3193
8642
326
9392
4628
564
4010
6051
6824
7205
4921
2785
6869
8880
1662
6650
355
55
737
9611
2605
5582
2309
6102
3375
4743
2843
2824
4037
2287
7183
1401
4519
3389
8880
1742
1966
3069
3925
4913
5847
3845
2214
5928
5002
4508
9846
157
3453
5767
1718
1750
8900
6253
5429
3408
1799
3705
83
8618
2947
859
8642
2001
754
6290
2676
9740
4971
9356
7320
4245
9205
920
1267
2277
9905
1978
9786
3318
2760
5102
2457
5576
1924
7481
9652
840
3390
2058
8389
7172
6468
3660
3975
9930
765
9364
8256
4079
6583
4818
2254
3884
1614
3340
4214
8232
2580
7308
3109
1285
2262
7039
4231
4932
861
9437
2916
9443
725
6723
2676
5567
4538
9417
5696
4751
4005
6840
6663
8664
8991
645
7851
788
828
3277
240
2635
2465
7140
6737
6505
3470
6812
9429
9044
8332
836
7677
1173
7608
6364
2530
5619
5053
2962
3992
5608
6753
4667
5421
3928
8662
8819
7966
853
7927
1795
5812
3612
5196
5952
6192
5588
5958
6143
7791
5028
8170
7724
5534
7719
9840
2855
6818
2941
8330
3117
7209
419
8198
1961
8179
7610
6078
6150
6674
5734
8127
8482
1406
3995
5579
9666
8156
8606
5821
3116
6100
6907
410
3594
9264
5229
4087
4845
6506
8367
7900
6044
6711
3616
6050
8638
3575
3092
9496
4810
8559
9779
2409
1356
4254
7504
9362
4032
6723
3554
5097
251
125
4628
3566
870
8585
7644
9953
3622
7112
8546
2218
3918
8209
4833
9041
3758
4606
4306
4651
6454
882
9462
4095
2536
4225
996
1460
2490
4764
1179
7107
6183
5598
2105
784
5922
7526
1992
973
1360
3713
8540
6555
8221
2472
1069
5236
3389
927
7756
2244
9208
5840
7304
7316
5251
823
789
2016
1786
8979
5857
7986
6568
4219
5194
9011
5962
9374
5757
5500
4481
4404
8912
4534
9553
7036
6819
3781
1649
3164
3643
4926
3216
10
9390
9382
6475
1989
3856
6777
2532
6675
7590
4332
9619
5801
2305
274
1367
4280
9622
4887
5576
6473
4282
1605
8830
4399
8587
259
9538
3384
3797
5134
6386
8796
8442
2202
3290
9514
5745
4586
2264
4386
2118
297
2520
8655
5882
4509
2874
2734
6034
7410
3389
3542
980
6911
406
4677
9783
6676
2782
7553
3142
9171
1173
2798
9507
8334
6649
7357
8333
7487
2584
7657
8317
8486
3852
9347
5711
1298
9364
8542
9804
191
6620
6603
7929
1200
6160
595
9461
3527
7641
4132
2996
2957
6276
4824
6830
6242
2911
1959
8693
4409
4754
4813
505
6939
986
7737
8951
8258
7604
6694
101
4794
1422
6321
8078
9440
5538
5029
212
4993
1446
7844
1355
3135
9138
7875
638
6266
2798
9145
3049
1932
150
1645
1887
5172
9266
9278
9362
6382
3674
6752
2183
2393
8879
3557
7841
6607
2388
5867
9446
8763
1576
5761
5263
8337
7365
2274
9647
2725
7992
3153
3694
8543
1547
1443
438
801
4520
9752
3088
4549
6093
4197
8482
587
8662
1183
7564
873
1044
6067
1917
5608
9249
4342
6684
1746
3056
1390
9400
6219
1477
8623
8394
9865
1761
2884
7742
9581
3804
1305
3670
2186
4528
6138
7891
1621
1728
7187
2558
4758
8471
5740
9178
2277
9573
7256
9835
9827
8089
6160
5185
2559
9654
6066
7589
6270
8279
1049
1421
8422
2585
6311
3310
2072
5206
6558
2433
3929
3287
5797
3807
9903
3022
5122
5283
6117
3876
2882
6882
1303
7096
7876
4557
9900
9372
4945
8686
9275
2319
8085
9705
8339
3434
347
4475
7658
5732
8742
9176
5605
7844
3572
4292
8582
4058
4171
6534
9488
6062
7149
4283
3243
3046
3053
3976
9559
2062
3613
3929
4599
9132
1099
4412
9771
2620
5151
5372
2555
6613
394
4697
25
9195
4400
5689
7392
3680
9855
410
8222
8640
8591
4996
4859
5293
6791
5927
7823
2041
154
9352
7605
6134
8898
1093
9914
5847
4324
1091
7213
3739
3660
3917
4309
4
5931
3946
9055
809
8657
3897
1585
5639
6678
8397
7261
131
3053
8982
3548
9808
2560
520
5487
8435
5129
3174
5373
2018
1711
842
8690
1613
6355
7376
6163
4242
9682
6749
7265
551
5478
4575
4407
4556
7812
9083
7624
5734
2812
6574
6663
2974
6882
6739
4405
4781
1431
586
1973
5061
9076
1998
1746
422
5204
1779
1556
9440
9709
3760
6402
4566
4429
5031
6122
8411
812
1976
414
623
5236
8382
9763
6422
9798
1855
7266
625
7444
8744
7437
7521
8667
1730
4959
2950
1055
9213
3367
3710
5182
3240
5236
291
2058
1475
3606
2092
1330
8997
4386
519
1369
1882
2620
7734
8735
6631
8636
6519
5747
8829
2205
9721
5552
6393
4756
4051
1493
7039
2129
9026
2828
9834
3403
4172
3996
9023
6306
5358
9834
2191
2431
1389
4249
7070
6613
6324
6985
636
8377
6223
3097
1001
6702
4096
710
1378
4209
5518
329
9645
3633
4827
6121
9035
5749
1381
4992
561
5730
9449
3342
9513
1947
6766
9840
3747
6792
9305
2229
9169
8108
1371
9307
4087
9011
5576
5974
9006
5775
7718
6523
3278
6683
9862
7637
2522
2708
2892
1883
3020
9323
6245
1028
1504
2907
3861
3142
6659
6517
8296
9768
1396
8606
1909
1400
1977
5015
2419
5710
3572
5132
200
7871
778
5660
8435
1274
9905
2075
2293
4867
9058
3211
6766
7133
7348
4188
8703
9112
8763
5517
6791
1548
4195
3510
3152
1217
1175
4150
9508
2042
7874
3263
6500
665
4244
7763
6952
4168
8863
1583
5962
4078
1575
4774
5993
3014
3093
961
6997
9669
19
340
9134
6135
1947
6735
2944
8649
8651
6837
8129
7411
6373
7215
9828
5260
4784
3646
8837
5494
582
2089
3352
9914
3211
7282
665
4230
1806
2475
3652
1738
7985
9890
9633
1817
8625
165
1197
1576
1451
9124
5510
281
4005
9141
6535
6995
1470
3867
2725
9501
981
996
5064
7874
2461
9041
1407
4473
6099
7606
7849
7648
4581
4620
8284
3853
9521
6533
901
9435
3442
3194
3642
1416
5851
8432
283
4873
6330
1814
5946
9214
5563
9106
9250
8156
232
9129
8379
7351
4020
2797
2213
9405
7915
6036
8932
5084
4357
2884
2643
78
463
3554
8181
1942
1323
326
5472
7801
5668
4464
6661
5472
6660
6477
457
1048
8267
8807
6458
200
5855
1504
6917
5967
3165
918
3151
8387
3471
6691
2827
4966
420
5513
8751
2709
755
362
6872
9361
9183
5157
5622
276
8920
1590
6089
1852
8364
6267
4111
3379
8021
6608
216
3149
4607
7258
3417
8997
945
9883
3965
155
749
7
880
27
2986
8867
2966
2045
4521
7746
6101
1953
6774
8808
4676
2994
5487
9994
1367
7663
1676
1348
9724
9956
8837
2747
6209
8133
1645
1111
599
1916
2948
145
1780
8264
8071
7833
7767
6723
9566
650
7040
698
7722
4338
1070
9575
4992
8848
3769
7753
1377
5782
7263
2208
1703
400
507
5998
8476
3438
7633
2961
6072
3253
1854
1045
9366
4274
9015
4933
7010
5883
9333
8255
5894
1676
6092
8313
5313
4386
2750
7069
8991
7850
2233
5600
9409
8155
6304
2018
1971
969
2839
1221
3247
9752
7090
4073
7339
1055
5095
4752
430
2402
4534
3708
1974
3436
7412
8042
1753
5860
1375
922
9833
7915
6733
1858
6398
5168
735
6762
3618
5491
5998
6927
7347
5726
171
4651
2752
9825
1831
881
9446
9765
2801
743
5307
4197
1470
2554
4873
2867
4126
5972
9329
8191
7608
4821
2051
5073
5875
3868
5331
1747
2577
7064
5761
4237
2911
8659
8926
3165
4973
5220
8179
9245
5526
2686
8709
1245
8327
3139
7213
1997
1669
9325
5267
6020
2634
2129
6558
7183
7409
6950
8973
6153
1004
3911
7675
7365
7495
7986
7119
6778
5052
2936
1329
8136
2812
2001
8517
9605
7110
6837
92
6312
789
7748
4035
4148
535
5752
4801
9115
8541
1714
2861
1903
4907
6614
1254
3702
9974
6527
6289
6643
7703
2419
1350
8135
5520
1752
5073
9209
2037
125
2936
6233
6952
7867
1261
2664
9780
3438
4759
5375
8281
2688
4517
5112
7931
4221
6688
9860
54
436
7584
7454
4542
6421
4412
5913
3041
6158
2817
3935
739
1654
6280
8737
8306
6728
8580
7350
4851
1283
2645
1482
147
5655
9234
3962
7438
8794
131
586
8845
2463
1148
9928
832
2004
792
2214
8142
7503
4389
5060
2699
7702
5801
3877
776
2047
6369
2494
8037
8471
2064
2062
4641
2911
6279
8310
8649
3643
6194
1118
6065
6856
4103
9499
1828
9420
8286
8078
8323
5717
5799
4159
7312
5532
368
3174
5205
1514
2315
1742
6285
8236
3125
8799
7711
6815
2111
8046
5904
6403
6402
4816
6419
1123
7696
3095
8031
7413
6063
1637
4026
8686
9510
1264
6444
4837
335
793
4195
5105
9525
2190
9693
3115
9180
8529
4416
1349
4131
1168
2485
6839
6958
6606
2065
5558
599
1501
8675
4574
2530
7710
2620
4512
1280
4352
8111
3986
9765
4710
9949
396
385
1162
7030
5780
1407
5120
5237
9591
9753
154
3057
9732
8054
4322
549
7322
281
7734
9438
3867
3590
158
5286
3116
8829
79
8969
2580
9468
66
2301
2727
419
1222
803
4425
9803
1563
2182
4622
1204
7877
9387
8956
7035
974
9405
5573
7373
3068
9287
3780
3430
7099
398
2955
3502
8556
1464
7600
3501
8363
891
2395
3378
4456
8514
7245
1795
6360
2073
2942
9837
2887
5608
3766
3351
7242
1052
5382
7973
6959
9569
3543
2291
5093
3489
2511
1242
1091
711
2110
3913
5155
6658
2081
2116
965
3335
6110
4290
8005
7036
1014
1283
8975
4980
211
2361
4842
8120
2253
1990
2384
2443
1530
3589
5839
8536
5993
5337
3752
5206
5750
8874
1625
5851
5177
5107
762
784
7743
4450
3880
8026
5178
1744
1001
673
8655
4307
9558
9445
2431
3055
479
1495
6279
9674
6622
137
1340
6449
9770
7252
6048
6403
3262
9900
9999
7893
3097
1889
3824
3816
9085
9478
6599
4183
1484
6723
9596
606
7871
2212
8534
5594
7035
8716
1531
2570
3864
4017
2719
2095
9501
3762
2489
2553
7288
525
3430
2005
3049
4257
3640
9972
9513
8909
9268
8994
4283
9557
3090
6608
4525
6600
6940
2264
667
9724
5571
4637
3765
7416
8633
8406
7330
360
8901
7320
3793
1842
5649
9379
8098
75
3877
9739
9994
4624
4449
5337
8826
7638
4325
1508
1675
9547
2218
9198
3599
1213
2394
6824
5541
5442
2611
2694
1844
2777
9859
2385
7564
825
4276
4999
2903
4876
309
3020
2457
6976
8916
6403
4096
5353
298
2822
5115
5219
2752
9820
900
9491
3493
1611
915
1065
9315
7165
6059
975
74
6280
70
4062
566
6420
8353
7836
5003
1248
1523
2834
4991
5247
5190
5428
8478
1058
3894
2999
4364
8544
8535
7724
5665
7645
9190
6521
5804
8209
9679
9894
4381
6598
4089
3951
4809
5029
7535
7719
453
3040
4940
1588
3438
9320
2352
2500
2160
3200
452
4471
1014
2370
4454
9389
6530
2431
8519
6074
9793
3833
5588
3121
2835
4298
1416
5159
6834
7125
2836
3523
4288
2026
687
3615
9985
311
9341
99
4595
486
3602
5550
8581
1234
2381
1910
4795
3051
4493
4563
4025
3430
8123
9954
9145
2662
4597
8793
9161
5963
4110
5508
5850
5812
3453
371
4132
459
264
749
7738
5231
365
42
3239
1896
7693
1553
7662
9138
9253
6641
5802
7723
4797
3836
4205
2489
2145
1074
9647
3233
5943
6771
9743
7552
8368
4358
8604
9202
4910
8022
8055
7407
8431
8418
4081
5413
2144
4072
5163
2293
7721
961
7820
1131
1596
3395
9007
2936
1198
7028
2637
1252
7034
4579
5228
1187
3772
3318
6727
9012
3727
6199
7984
5969
4735
2811
1425
5195
2408
2883
1194
2087
8936
8709
498
6801
7503
2398
2329
6151
9126
596
531
8577
6769
2279
3991
3460
3675
9008
317
9768
1001
2974
1867
6187
1862
357
9948
8844
8096
9630
6020
6563
9311
3304
8165
3878
4533
9187
1287
287
2001
263
3524
9025
7013
8841
357
6185
6611
5039
2863
6349
4168
1940
1373
3781
642
7256
1486
9046
3174
664
8631
6278
9139
6041
5745
1749
1802
600
190
5018
919
4962
8404
4299
7242
7651
2575
2510
7801
3487
5193
6821
4086
939
1940
9538
7488
9030
2560
7780
6723
6002
2079
4967
3449
4664
167
3427
628
5502
1559
2910
1688
5477
2859
8788
3906
8418
1370
5157
3753
9746
2773
970
2459
5089
9341
835
2124
6557
8094
845
1966
1454
1300
8052
5664
5006
1308
3723
539
5095
6996
9278
4951
1690
5722
8133
9979
6594
8047
3752
7479
7974
2145
3476
9070
5925
8104
5552
1722
3162
1509
4324
7876
9806
9205
1089
1906
2443
4101
5561
6783
9534
7784
6885
1381
7720
542
680
611
335
337
4187
433
2258
6742
5840
4103
2819
8071
6871
2610
1571
8201
5666
3987
1814
6803
5562
936
2942
227
8004
3381
7559
108
5083
8544
4962
1780
3843
8499
2492
6638
6027
9722
2305
7614
8258
4516
1961
6191
8607
794
4647
4698
3609
5969
3192
4160
7363
708
5086
6115
5702
1594
2896
4913
8004
8317
5822
3124
394
1598
5927
8854
8374
3429
9761
822
7638
4421
9388
3449
3315
946
704
6724
2254
4652
3069
8557
5767
319
742
6188
4987
3246
5483
6279
3003
699
3476
62
1692
4118
9003
9144
1149
2698
7751
8308
4759
5467
8753
3482
1403
7962
6386
3314
8723
1334
1965
5241
5454
6977
8547
3775
4722
8301
8549
2041
2685
562
658
5412
9128
2068
7923
3106
6468
5871
1605
3515
6591
2486
9949
5500
4125
4417
8156
931
7307
7887
8499
5530
3171
6004
2260
330
7878
6856
9865
7585
8686
1624
395
1264
5775
59
8311
6242
2067
3769
8724
9034
4327
2741
2840
7617
9467
9800
1133
4306
6463
4657
6162
1987
4629
5556
1153
7458
8869
9422
8742
1430
202
7556
6451
2079
1549
9510
5828
5489
650
2451
3636
1316
5457
3464
1326
4380
5695
7358
7665
6283
926
3395
7324
5704
4590
4750
4766
8962
619
9920
6232
8372
8340
6611
7965
3004
2443
3078
6678
5919
204
5238
7098
1135
3118
2902
5744
5979
690
9220
2321
728
4680
8939
5454
8832
7998
5340
3598
3931
2724
6534
9995
4592
831
5918
636
4482
8240
9822
2721
1
8003
8243
4147
2170
4759
6371
2598
2574
6440
2622
7044
4136
7568
7545
4244
3102
1249
6398
2491
1545
1704
584
63
8581
2799
3884
851
6620
1538
8583
4467
3611
2479
2304
2362
6391
5362
5267
3998
9302
8574
2541
559
3693
6513
7980
5731
2802
4133
8989
3307
3300
6815
5111
557
1544
1138
33
7165
2884
2011
5736
5447
4916
9839
6883
8292
8027
3669
357
6480
8341
7321
7661
7421
6542
5995
7123
9831
4689
4064
1385
6933
1050
6669
8885
8471
6579
695
7874
4098
7243
9855
1974
9699
4899
2703
9453
4711
5762
3823
9035
1873
3939
1662
5108
8320
7106
5461
8291
3407
8173
6528
1935
8473
9946
274
5200
8029
178
7677
7811
8675
4345
9920
6999
4984
3077
351
5037
1782
9601
8414
8085
5273
178
9501
1310
9411
323
9006
8435
6879
1291
9549
7046
2621
2363
4815
4536
8515
4865
2734
8602
9208
1149
8170
3733
5677
4116
5923
6323
709
6422
9153
8693
6587
7015
6905
9688
3058
9981
9517
5154
9231
7748
3493
6892
9401
1851
4757
3938
202
8425
8679
5032
6872
5236
5607
9969
3009
7759
1530
128
3505
6037
1851
1160
9487
4064
1395
733
965
2562
6568
297
1256
4174
6920
5882
1222
364
332
5598
4486
7610
7186
7745
8533
5499
395
4456
8814
6362
9149
1227
6069
9244
7812
1988
3046
1394
7490
7040
2892
9596
670
381
2936
5401
4960
601
5324
5849
3171
3191
6961
6191
1346
7392
2187
1322
7992
373
9179
3023
8295
3298
4759
6850
1569
688
6830
9456
2436
2288
598
9131
6948
2147
2018
2235
9924
8658
3588
7423
6774
205
1364
5545
3990
4255
9497
6031
5587
6109
4054
2143
8255
2451
605
4791
820
3845
1401
2871
5451
5956
8430
5202
6989
6954
7154
4459
1755
7055
5064
8729
8591
7559
8282
1152
7963
4895
6488
8741
1362
8262
5768
6574
6199
8087
7870
6253
3838
6939
9771
8572
5363
8466
2919
8349
9178
2389
3968
5298
6498
7999
7421
6382
2800
2025
900
7286
7866
2290
137
5367
8461
8600
5259
4256
5518
6631
4655
4264
727
5130
7493
9688
4954
4550
274
3688
2522
8333
8421
9140
5592
6476
97
8901
5620
147
3215
8341
7082
615
4531
8095
5139
5810
9616
82
4037
3705
1020
3820
4554
8986
5808
810
8763
1501
9438
1888
2482
5023
3584
4072
4086
6636
6320
2126
4979
3703
6604
9846
2075
1380
3434
6921
4262
4829
8339
6774
2600
8598
3974
9494
8039
6914
8270
2386
6532
2709
8430
600
1068
2447
4619
8468
2893
2368
4795
5770
6430
1625
3751
9132
7038
6367
5774
2083
8610
7631
445
3076
6702
3174
4977
9387
4945
6218
4215
9694
2496
70
2102
9599
4899
6099
3099
2304
8112
9564
9182
6570
3717
9858
5446
2957
3575
5583
3180
5062
8889
1942
8413
7310
3965
3460
2125
8531
2293
2348
1160
786
3226
3106
9938
638
2320
4333
7856
8211
1002
9629
8489
9541
5679
5633
4433
562
3913
7257
398
5622
3289
428
2490
5282
1620
1790
7909
2775
2713
1449
9674
8259
3790
7600
69
8218
5801
5229
6325
4905
2482
9959
6829
4958
799
4162
1579
3263
7814
4240
4586
5184
3941
5153
2721
7536
1728
3392
8138
7587
5536
7638
2877
2446
2611
453
9867
6619
4152
4312
7686
9075
8551
40
1864
4132
7234
6654
8343
4231
8475
743
7284
4005
2691
4787
3478
3000
7314
1552
2257
2388
9789
8547
9784
686
8738
686
2239
4468
2205
7567
8664
1187
6113
9350
9012
5621
62
8921
509
8158
8953
6284
7601
3467
6555
9387
4099
149
3420
6431
9350
1434
7105
2481
9963
2814
350
6887
4038
7281
4733
4457
4866
1862
2209
1158
1063
6853
2647
325
1010
5745
1006
8359
1199
5911
1520
9618
8191
8848
5325
4053
9534
899
1295
4041
8392
8402
9174
2786
5927
3698
6880
7097
5008
123
4821
6859
7802
8561
7129
3618
7155
7194
4244
3552
6406
6907
6051
4016
5051
5596
9327
7086
2490
9888
7618
7297
9044
8970
8098
9009
6985
382
9383
7898
5889
627
4807
5271
3273
1388
8305
7584
4146
1491
6480
5799
402
8998
1256
1916
171
4931
329
1545
4802
5885
5058
2606
9522
200
1614
5578
9885
5989
2680
2637
6172
7989
7771
6602
3116
3593
1614
2541
9877
6149
6634
415
4791
7366
6654
9559
4260
9763
6040
6770
8055
6983
1248
4670
1082
3596
5156
3356
1976
3640
5909
4196
1828
9150
4898
6552
3792
7017
190
4526
7624
2222
5271
2148
9519
9650
7663
1739
5782
9926
5487
3114
2713
8005
8798
4401
436
217
9605
6950
8095
5657
4508
7634
672
9391
3418
4367
4551
3232
5997
3468
9590
6163
2446
6767
4541
7033
7992
9735
3556
9675
4831
6906
3282
2389
9523
1539
7810
20
4347
2365
1401
3998
7875
8823
8546
5992
3543
8154
2353
7474
6294
8306
3465
8634
5213
4925
1724
6357
7078
4965
526
3355
439
2375
2982
2211
4018
6042
4674
5291
891
3779
9848
9383
1642
8672
6832
1276
4329
8087
6651
6010
9830
5144
474
6032
9206
9446
2181
736
8303
7405
7665
2624
6856
9056
314
9744
9506
766
7061
3418
9464
1979
2046
7331
4850
3008
8413
9131
7057
8693
4921
3824
8475
1145
4869
316
6705
267
2910
5457
5350
448
7718
6064
9034
5217
5714
3608
8746
5163
5937
7470
9395
9937
7966
5762
3773
9147
1284
274
2372
1833
3286
5166
5068
933
9121
1063
5255
5968
1809
4629
9009
1196
1072
2888
3720
3035
6365
9675
683
2681
5504
8710
56
6790
2387
4003
24
4930
4997
1426
6179
4197
6845
3292
7700
1394
8628
1971
4387
1802
2480
8990
1267
3895
2136
2344
8899
2960
6619
5332
1799
214
1119
7923
872
5226
6603
37
9619
8331
4654
8565
8441
9461
2878
1187
1694
81
2491
1073
371
3165
8351
6184
1999
7770
4550
7879
6317
5890
7087
232
5805
4688
6812
722
2137
6363
2335
943
2922
4858
674
2832
7193
8714
9014
670
8995
3779
4217
4556
8753
2603
2447
8510
931
8371
2505
9203
5585
7362
9477
570
8730
2116
9875
7390
8758
1957
6529
2095
6390
8911
6222
8749
4507
4503
889
7484
4201
6595
7748
9344
6191
7517
251
9752
8568
7434
3904
6946
3034
6146
7222
986
3929
8237
9796
9215
2726
5244
6213
7481
5011
3214
6496
2011
6715
9616
5011
3243
4046
7328
8627
7217
8625
3436
8595
5231
9303
1032
5579
8455
3888
4783
4154
3713
2753
1758
170
3913
7858
6823
7850
4578
4458
7875
4080
4402
4152
9399
9924
6287
7097
879
1155
9232
9674
8448
4911
7931
7081
3719
756
3079
1748
2039
8214
7734
7053
1190
6904
2930
2650
8042
8782
5237
8176
9641
6820
4875
5269
737
1310
9335
5296
6979
8596
2245
6198
9799
3796
4888
1945
1311
7421
2723
8813
6794
216
416
5991
7876
1167
2794
1201
4366
7341
735
3472
3420
8023
9892
584
6151
8882
7500
6059
1034
2719
229
5198
7188
246
819
6259
2882
848
6645
4914
4785
4535
6900
7599
2639
1476
4077
5541
3276
2311
3806
6523
6464
9231
7569
7250
252
5721
4612
571
8289
7773
1345
5860
2307
9287
7909
5080
9436
4214
272
4845
8170
5161
3924
9453
5588
3761
7082
4121
9965
9261
6779
9468
2110
4146
5387
2770
5688
6938
347
7242
9250
4693
695
4442
3916
9846
6218
7495
4989
5750
7406
8017
2625
1252
6510
8805
8191
1189
7427
9954
4953
8801
2807
936
7196
4890
7660
6730
5382
8219
6290
9562
8860
7735
7153
6498
2090
209
7959
7808
6867
1452
2958
6675
5094
6649
7380
9749
440
6011
2401
5215
2257
7966
7357
4214
4768
7366
9950
8438
4832
7677
6876
1848
6
5735
9460
381
2234
7214
3296
6388
1022
7711
945
4528
8446
9178
3093
2088
8489
1414
7698
3893
1035
5006
4825
6446
300
9733
6306
3971
9831
3538
8414
3345
808
3471
9763
6955
927
77
7777
537
5460
448
8037
8953
8837
2356
7955
2272
8854
4762
6314
2302
9185
9996
6525
6817
2173
7886
3718
4618
1859
1995
3592
1257
6524
3528
3693
994
8143
8660
923
9306
7856
2433
9082
8721
3772
6652
9656
2990
6084
3795
9268
8816
9610
7873
7388
6977
517
7696
3660
7638
9638
2686
7874
9474
6393
1075
5792
2080
8373
219
6832
9112
1028
5024
3297
1192
9586
8948
6733
7953
8841
452
3062
7141
8589
6711
500
8821
1644
5068
3695
9823
1003
9814
5917
760
9029
1440
6522
7615
5445
6599
4529
1406
6766
1335
9622
4766
9169
4056
3916
3820
9600
5685
5885
5913
2005
239
5384
4391
8344
2862
7669
6779
5613
3088
7200
4671
3928
5188
9659
4621
2442
774
2497
1199
3068
3762
2377
2303
3854
5312
4121
2972
9875
8343
9807
9410
9351
7332
6772
8496
6931
3386
6307
7917
3709
8499
1754
5957
972
5218
6617
2811
5499
5425
29
2872
2975
4673
5433
2005
3758
3497
3261
6406
5544
2079
2939
4184
1370
8134
1108
2511
1118
6441
5877
2210
2209
1698
7132
337
1942
7295
9069
3031
9014
6576
8511
1273
5032
4033
2842
1217
4565
3174
9073
7170
8553
687
6426
4140
8471
1195
6271
2400
9800
8335
695
2140
9231
108
298
6718
4543
6266
9537
677
5182
519
3363
112
598
9760
9760
5317
6318
7639
9494
625
9271
1382
7695
7045
4603
8302
449
2906
6752
8734
7600
4021
2807
9061
431
9170
2695
7202
4307
1803
5760
7166
5997
5990
9537
7279
1327
7352
2248
6745
5930
8241
6087
2600
3229
9725
9180
2615
5164
1050
1795
7463
28
4087
2000
4774
5123
7783
3616
4357
8967
717
9048
94
7023
9118
9390
1490
9536
5228
1513
7027
1483
7581
8824
7911
8521
5471
3518
1184
6158
1154
1826
376
1704
7652
570
3106
5321
19
8590
3576
4034
6067
5302
1572
9146
582
5593
2032
1452
1745
2147
1400
5669
1973
1633
9633
3205
1962
7142
9058
5050
5019
6891
8279
2092
3008
6371
2506
1707
6942
9522
959
5663
922
6801
317
5871
6696
5008
7575
4455
9607
6682
849
6948
7129
6005
3000
3400
5176
2428
8198
6368
6157
745
5926
8089
1238
3760
3576
1185
7552
6465
7043
2717
4307
1458
8025
2471
4010
5637
6692
5153
8534
1640
9529
4634
961
1812
1266
1359
4148
5512
7823
5464
1977
7326
3492
2814
3614
825
2155
9376
7258
8049
8481
7760
4641
3158
3013
9712
2665
7785
7824
3239
7345
5724
7192
7541
5845
6723
3147
5919
3181
2219
8668
7846
2848
9386
1797
7836
158
4204
8136
1050
4514
3280
3400
4947
3447
2755
1556
3942
3750
1692
9641
4555
784
5386
6495
5832
5191
7365
7332
5815
1990
1007
3328
8688
9121
2649
6493
2672
5122
6896
6994
9900
6002
2328
6415
1323
6872
7616
6357
2848
7542
630
2379
7083
6857
7317
3477
7434
5632
5641
9936
1328
9000
5637
3272
4411
637
5283
5282
6983
1028
569
4597
18
3187
9694
8712
3642
156
6230
8758
5021
2888
9080
197
6540
1220
6593
1150
4228
6522
6342
5275
769
4457
4316
7413
9503
5593
7667
456
2748
4502
6764
8886
9008
9479
7752
6356
5614
6573
4499
2110
5484
6547
1603
160
7313
7021
9549
838
6807
7916
3204
9402
4732
8664
4753
8683
8999
581
9541
2405
24
344
5808
4282
7948
233
9105
3124
9365
4873
8633
8077
5167
3385
9945
1586
378
2753
1033
2636
7793
1510
2837
5888
6323
3945
2545
2859
5047
2603
8247
9127
6018
9074
3895
8314
9211
3881
7267
2574
3846
9944
8338
7803
3108
452
8788
6108
6342
3834
4329
8893
2484
8308
3662
263
4948
3123
2514
3489
3956
4212
1749
4127
6978
1080
7416
1909
9822
5237
425
7112
3837
6321
9951
8850
8707
7655
1226
7232
1118
8913
8678
462
2664
2179
5947
6320
4360
4168
227
9946
7295
1802
5215
4956
9801
9651
9631
6246
2059
2861
3968
7820
4321
9606
2137
8522
3740
4084
1373
9586
8110
6858
6320
4794
3202
1581
2037
7363
7591
696
9103
6849
6767
3832
6315
590
1669
9764
9697
2609
9205
8141
8269
4339
3641
2831
645
6664
6151
8628
6755
7264
1582
9860
73
2813
8283
6557
6705
7679
6683
6287
4844
1446
8596
7517
72
3534
1722
9257
8911
5114
1437
3611
436
7033
4808
4133
4570
3003
4606
6165
588
2819
2690
8471
3550
7393
9539
5569
9242
4074
2374
9719
7991
9170
546
7260
3208
210
240
9289
2243
8190
8320
1844
923
893
9299
9325
695
1442
2440
2850
8466
3764
9315
3684
7516
4631
7853
5319
4781
5208
5255
1155
9167
7401
4233
9401
17
4010
206
7480
7036
6094
3040
8323
3536
8321
2096
6235
2837
7719
1028
1255
7261
753
9366
564
9376
788
2981
624
6945
2271
7669
9382
6104
3677
8046
6442
3310
1172
704
7648
339
5079
2628
9104
8405
8514
7699
8939
9593
1636
8277
2023
8697
949
4374
8388
9998
430
9214
8738
2019
4039
1102
401
5973
80
3865
4686
6173
5024
6242
5945
31
2744
8164
8825
8774
1443
6116
4752
6090
5276
6255
9707
2901
1027
6531
740
6787
3605
2934
6115
8623
3278
7402
4651
9235
8214
5087
9506
1155
5326
8441
3663
7442
7256
6564
1869
600
440
5811
7104
7410
7890
6976
7737
188
8658
9609
4507
890
6274
3941
9136
5259
45
237
5736
1781
1506
5715
5672
1742
8896
9117
7714
3312
7065
3840
6843
2190
1332
1739
5389
9328
3239
7326
4707
8911
5504
9495
4471
564
7909
7976
1536
2777
3953
739
9144
488
7566
9287
4247
5638
3333
6491
5780
6680
9179
1047
1989
3602
2576
7648
147
3657
2321
2894
8331
6011
7090
3163
4947
6316
7646
6612
1252
353
265
707
8489
5464
1957
5470
8972
3582
6054
7557
9268
1558
7193
6312
1012
2386
5845
1245
2697
8616
9172
9465
1132
6386
7411
3259
8320
6960
5472
6179
6140
4548
7067
3754
1181
4047
8175
1533
4039
7508
8619
9206
5621
6649
7907
6541
3304
6691
8542
1143
9096
4341
8065
1505
2420
8383
3561
961
3978
162
9511
5573
2693
5965
9173
3299
6482
4468
1426
7991
7179
1814
9941
7041
4989
1567
8037
6252
648
144
8587
9780
844
9116
2993
6322
8511
3648
6050
1576
7873
8398
3663
1298
7764
9857
5423
1416
9159
4047
8256
2006
8604
4668
5811
340
9752
7858
5504
23
1898
8723
1006
5122
1676
4604
9215
8797
1475
7104
9026
5828
5482
4090
2140
518
9493
4139
8639
8156
931
3930
5709
8659
7832
1019
1523
8098
8508
6168
6519
5684
5551
2697
5760
328
3640
5918
4595
3507
1961
8310
2972
985
9964
7884
2489
7634
3098
4023
4709
7011
6946
6276
3863
3684
1208
550
9526
477
5233
229
9857
4236
224
1303
4439
1747
6906
3567
1704
9490
7513
1326
3482
9548
3878
9200
2744
6209
3707
8709
3808
4693
4225
7636
8770
8484
5342
9911
6268
8864
2930
4798
3964
4734
3042
3020
2925
6995
1858
1930
8578
6652
8169
5241
3813
1059
4309
9804
8169
3401
5576
1218
2753
6648
5568
5918
9529
1932
8892
9290
2948
6084
7303
5034
5029
7345
7873
1858
4209
1114
6073
7313
4714
8399
3320
3468
8695
8871
7207
5258
3014
5823
5485
8309
9106
7172
5076
8092
7527
5220
4704
8203
5517
7944
1047
2105
8335
485
3980
7735
6350
1114
625
2913
9941
465
4451
7919
4415
2339
6222
6044
9081
7730
805
9509
9120
4807
5849
938
5629
719
3089
2290
1732
7479
3693
2097
8658
9653
7613
7333
6687
5930
4837
3967
7021
3559
7586
6116
8847
4741
8752
8121
3159
2573
5182
7057
3005
8424
3282
9892
7048
6536
980
8646
7620
3674
7332
8545
5105
1757
4471
5535
4975
5845
869
7495
2949
6941
3442
4549
6881
4115
3052
7075
2865
6268
7184
7074
2684
9140
3123
1210
4453
8666
2294
8319
9815
4760
2310
6366
9409
8281
4682
6366
6820
6443
1774
5297
1840
7198
7216
5780
2735
6501
492
6112
3533
9119
7248
6335
3857
731
8887
2296
8966
9513
9776
5422
2920
5607
5131
4138
1542
1816
7053
1239
8959
103
9085
1954
2616
5683
3839
8230
4256
980
1559
4327
1477
2090
7349
5635
7822
4668
9995
2778
8877
9276
9420
6096
123
3640
1514
1286
906
62
8636
9291
4041
4178
3582
5728
1406
8994
6585
3423
7138
9177
6399
6952
3679
5067
3631
7130
9464
1350
7692
9732
8062
9877
6594
2778
8438
6118
6509
8376
1544
9133
3056
8219
3605
7376
3688
5015
6713
3343
5409
7799
6027
7156
9473
1536
3658
827
2240
9672
2436
2010
2460
3846
9765
1907
7705
2415
5068
4701
2409
1420
9868
3231
3936
6397
4267
2503
5367
4780
4315
6226
8086
1813
1195
9847
2014
7591
335
7687
7681
1047
7218
4273
661
6474
1641
9396
653
6722
3063
9919
3726
6982
9382
2965
767
6460
3538
1425
1816
601
6502
5988
1497
1418
8982
2614
7927
9352
9014
9398
7425
4947
9952
2897
1922
2213
2959
8971
5693
9964
1136
1380
943
1932
4175
7994
9617
4329
4330
3287
4696
5315
8211
4469
1641
3676
1142
7806
8230
5709
7786
9192
5210
4294
1392
5354
7884
2938
6019
8994
225
5859
506
6153
3280
2194
424
5184
455
4866
5232
971
3328
685
8452
2152
5929
6247
4935
110
4083
1990
219
6382
695
1079
9823
651
2389
715
1622
1274
6635
6496
172
6953
1825
1734
2076
7185
7037
9597
5301
3888
6685
4128
7126
3384
4319
3571
6270
4786
8342
4318
8774
520
6210
6796
3115
2314
9806
5756
2632
1597
8713
2280
3731
1236
832
7192
9553
4160
8443
189
6225
9541
6453
4723
605
2855
4285
7964
2684
5287
7153
6844
6643
5035
6397
1907
643
2911
6063
3278
4533
9120
335
172
7078
9070
1218
8839
1181
6912
8794
2743
6728
9142
390
6994
8847
1127
2815
8736
7695
864
6661
3933
9842
7030
8999
9336
3726
7706
4410
9892
7700
6968
7082
5340
9381
9600
2140
5620
1960
7717
4911
9946
4638
6390
8782
242
6411
1166
7010
1668
3613
8910
2172
5181
4486
6231
6252
1680
3716
6906
1611
8035
6594
4524
8580
4049
6503
8714
4426
1336
8808
5910
8993
8027
8617
741
117
3267
3742
6030
9558
7237
7318
4498
744
2753
7429
811
5851
8532
1658
4056
3280
7826
1954
8402
10000
5427
4397
7142
6576
6448
9905
5083
8622
6799
5623
2738
697
8370
1850
2367
7999
2590
3960
2579
8854
6414
5907
3137
3933
1992
7271
6379
7999
2762
8249
2314
9431
188
4795
4819
998
6718
9860
5709
7911
1959
6357
1195
9726
2393
9656
374
6038
1818
4648
4820
1978
629
4803
3658
4048
448
4712
2216
9380
2868
3492
9865
1673
8549
2755
6032
7162
3384
571
594
9806
8680
2135
8821
5850
8380
6250
1353
1890
8028
2229
1247
3460
261
5650
7204
8594
443
5955
437
1067
4485
7943
1564
5974
6407
3626
5649
4798
4955
3957
3375
1441
2880
8539
9884
8305
2486
1141
9655
7358
4559
4642
9627
9672
2216
8980
1521
1237
3016
1711
6018
2797
7223
926
6590
6244
3133
3604
2189
9933
9325
2457
9574
3799
1976
4833
7235
3685
6913
3724
2237
621
9787
9393
1761
2659
1575
599
3217
2501
2252
104
2837
8203
3035
4493
1522
5135
6564
2980
1498
5585
7999
3426
9368
8074
5879
3505
1795
1371
9274
8928
6970
5305
5693
7192
1820
8929
2039
1727
3249
527
1872
1070
6914
8774
5247
247
7029
9676
902
5610
1560
4088
9308
6560
7173
9831
756
2506
4801
3521
3210
5536
176
5392
5952
6904
9743
7104
8193
2712
7966
6179
1890
9659
4333
3748
1640
4400
5321
6706
2083
9272
317
71
4713
4219
3799
686
4238
8472
3690
7196
2569
4762
9109
5267
1876
5694
1169
4273
3781
6790
8680
9451
467
9535
2370
9702
4911
757
561
1239
8213
8495
1602
4507
5926
5943
5168
7705
6606
4051
4786
4350
4451
426
3464
3018
718
7397
1889
1761
7749
5373
6333
2320
1376
1489
6289
5332
4355
6989
290
8181
4351
5590
1398
2305
2358
5125
130
1274
4420
486
6418
2467
6005
8564
6190
350
8794
4947
3408
9079
1018
4164
2590
3574
4556
7838
2797
8268
4518
5198
2594
5899
7920
5957
2300
2932
562
1128
3032
783
1486
9241
6247
2854
5720
120
4892
3435
3335
4581
3250
8711
1451
1324
5556
7921
9212
6453
4154
1408
517
214
1513
4079
1325
1372
9487
3140
8818
3595
1523
2365
2210
9036
435
5459
9875
9038
8023
377
1939
3262
1321
5477
7824
1584
5107
2288
8430
8927
49
2734
808
4762
1551
9819
7380
9568
1004
1538
2764
29
4502
803
6161
5369
4460
2857
3380
511
2507
1377
4779
1238
1947
9028
8389
3857
6981
7738
234
3095
4262
1829
8285
9517
2551
4454
8152
551
4604
1689
5598
9692
7413
1225
5402
3837
722
9297
3976
6539
1779
6191
6458
9768
1947
9052
4804
1747
5113
1020
2224
6629
4186
7673
6555
6667
378
7819
681
7708
5740
4959
3021
4540
8716
893
8960
3128
2073
3566
2116
9490
8487
7513
9542
7136
1333
973
4138
3382
9838
467
9951
6791
422
8258
6339
9460
343
7852
5868
5922
9764
6061
2273
2890
4781
9111
8365
2954
3145
8694
9444
3972
2959
1153
672
1516
3908
480
8950
2471
9686
248
5929
493
4137
1392
8082
2977
7917
7599
408
1060
8577
9088
325
9248
5992
3862
3352
3911
2837
6859
3360
8711
1288
9675
5536
8365
800
1206
7103
9796
5077
8757
5067
2695
1046
6584
608
9119
3798
2461
5250
8096
7228
1546
9880
4758
8446
8873
7555
1141
6529
1300
6621
3311
8627
2088
8266
1524
1312
7691
8071
585
1884
7661
3970
2840
1353
3277
549
9276
2526
7428
391
9790
122
5916
7876
295
3497
5264
5853
142
216
4551
7549
8907
3262
4060
9362
6196
1355
147
7370
1891
253
5578
2968
3915
5994
1353
8641
1226
452
6793
4130
2349
4336
8862
1412
3056
8572
8574
9640
4777
7818
5457
5852
5854
1632
3959
7110
7698
2573
2200
124
532
6951
4094
9013
9606
4581
2783
9220
8241
8357
6954
7967
3587
6603
5126
8943
4761
8008
3833
8481
7095
6657
953
3987
5321
1701
7824
3106
1622
5080
7912
7746
15
3909
9515
8670
7417
5930
1400
3913
8121
6414
5266
2110
5454
9698
4978
7197
5585
2671
6478
471
3535
9201
4074
126
7432
6644
3702
7295
5817
7198
536
9884
8234
2471
4338
996
4424
1585
108
6248
604
9917
230
122
6763
376
3500
6996
9257
6030
2232
1204
8086
1982
3571
385
7402
6376
7562
3891
7035
125
2406
4987
3705
3510
3884
3304
6327
3599
4093
4861
7072
3824
8419
3798
2139
9637
4939
9649
1841
3855
801
5865
9841
2162
1857
5712
9323
4514
474
2618
8024
7932
539
1235
8682
3056
9029
9836
7153
7150
9679
5508
316
4733
5298
2595
7892
8569
5157
565
5029
4157
4950
758
5194
787
6371
609
8017
6180
7099
5789
6457
7743
4321
9869
232
5659
1495
7855
6414
1563
8004
4964
6643
2456
4383
9481
3954
8788
4665
5674
9416
9183
5644
9679
8586
6580
4605
9310
2254
958
6772
510
2943
9169
5686
6801
5769
5721
6128
2515
5593
7806
4913
8400
9714
9444
276
4115
2147
2331
7224
3912
4708
7635
5560
1705
6863
9433
3563
1867
5422
314
5762
1284
7852
3833
8645
5497
1548
4528
4334
2802
7684
1219
1903
802
2694
4919
3094
3892
3360
5069
9311
6729
9251
9096
6468
7215
6626
4969
7177
5158
6622