X Y
-0,003687981360137718 0,5045332015714638
5,017943909354885 5,4878549477638146
-0,007012333516230679 0,5158820635761554
4,979581340985201 5,528844314455367
0,0159610631401965 0,55460398349282
5,025964437009234 5,515225399518438
0,02198782507327146 0,587735663187619
5,010412021560812 5,576622639608654
0,04567796695941345 0,6227485737856555
5,004414379155154 5,6363578669837135
0,05820718178074163 0,6950068244921832
5,036832665688337 5,646913734827934
0,038151827332823525 0,7507942606408894
5,075353177989767 5,758657789913711
0,09889348151499025 0,8715761840806547
5,120435718680778 5,7938947247343355
0,18784873879809036 0,8810788118871675
5,173086224713186 5,90209104001208
0,27073153110726267 0,9849982534475641
5,226817018197501 6,006130171722371
0,32101542383587856 1,0167693259410493
5,306432862550129 6,064068064801198
0,42784966479451486 1,0897145335077345
5,451873901903805 6,127298019579713
0,495290056185987 1,1259768422773695
5,515018811653104 6,1551619966101585
0,6616410126940817 1,1642999768944478
5,652099733709284 6,194852983345039
0,7178345825866121 1,2116194300004475
5,708309761327229 6,195877921195539
0,8677774593868371 1,1689683571737624
5,872245938023987 6,194333966855253
0,9856878939480117 1,179442123989431
5,9691309629036455 6,154151934849167
1,1035148037141613 1,1575589329352913
6,124489309193049 6,113639974442289
1,2047015301454522 1,0597307939071248
6,214225533141682 6,07383925990937
1,3127356493724123 1,0054622866587537
6,30775215163881 5,983032464952502
1,3847625350566208 0,9133001921274226
6,3951038340446855 5,940399542326773
1,4664225508017015 0,8130794019389844
6,440787432882837 5,826869946052424
1,5249918099991049 0,725093113935957
6,5465328395631595 5,71543329547404
1,5719679625894432 0,6119360903347658
6,573053254259436 5,572781528197176
1,6392310960803407 0,4957632335614189
6,588187978879641 5,472049664722554
1,60347909438907 0,4152805849481182
6,650423982319386 5,385757640342191
1,5915996630717513 0,24030609960900517
6,592988960687965 5,222291448096029
1,5663817825419035 0,1168956707812884
6,573714767568543 5,111853142667879
1,519925239900195 0,027921503107566636
6,509035758599842 5,027654253993826
1,4565534459673848 -0,08780571457258347
6,441863987241488 4,875239045868911
1,3314713000757596 -0,22580536342443988
6,352033378935452 4,751938528322787
1,261076492138015 -0,3193522220295734
6,283356822386617 4,681869577643267
1,1669536840261998 -0,4398686454192509
6,202037883070601 4,565735925674351
1,0115263874436842 -0,5325108950230805
6,051720028152216 4,466362906870486
0,9384193479510401 -0,651084685453092
5,936925903673719 4,32718418443241
0,7625962208472137 -0,7801842036887541
5,782946230592 4,223797557788276
0,6940822574924644 -0,8955088848759833
5,6805571558048 4,176608363204448
0,5584125760684034 -0,963490574256112
5,576992569691298 4,089969619927795
0,5104027490670466 -1,035095583859729
5,468933583904122 3,955327477582886
0,3882402793273784 -1,1182117847949733
5,351363419829756 3,864052124475762
0,2834182901078989 -1,1760255105082482
5,277079599244479 3,7589809424445804
0,21588269769282714 -1,3162057242949954
5,216083722056941 3,7396728695885275
0,13571947382057933 -1,3603667873625716
5,183453429011641 3,5793479069382528
0,08886242754275796 -1,4386183109377702
5,104907645242532 3,5436302190907276
0,07750179594490415 -1,5183876703921437
5,07366716838147 3,451062448866802
0,03200313990430592 -1,5949566056928701
5,015208659889367 3,399733302552265
0,009091725836499514 -1,6571670673577161
5,0440502665222064 3,3239979482312267
0,04671913962500196 -1,6699934605705933
4,995921215544447 3,337040552724992
-0,0019730372391367724 -1,6967362969687374
5,008929032902971 3,2915339619124304
-0,02211134406263692 -1,6957038504296442
4,9822532530846315 3,3272095174537264
0,01805494171691139 -1,6822662676428544
5,005687370874237 3,3419773120907266
0,007513155588018199 -1,6751285089968668
5,035673415832436 3,3515477720909512
-0,03059272717041121 -1,709160748292589
4,9484000910407655 3,3519986984125554
-0,0007077179520446897 -1,6192273025695239
5,001730177108635 3,367838182996064
-0,036543977402965666 -1,554027500822377
4,933474884988197 3,443842100930499
-0,042160920410469066 -1,4868604935730214
4,9294875335390875 3,4737157667983487
-0,14748896025782146 -1,4719800352398331
4,887236848654952 3,523784484724048
-0,1594877118372823 -1,3735890780274693
4,817676740183427 3,602826610234776
-0,20916139306688922 -1,3192836298705732
4,797266805426756 3,7350457140498605
-0,29229336732721795 -1,181010711658939
4,695557863717092 3,783691121664624
-0,3507988210159838 -1,1177509906558643
4,647264354403372 3,858472774417605
-0,5022549440590841 -1,0540323145757322
4,503923215642572 3,9403538213867506
-0,5647901214601593 -0,9237950792740551
4,427209692406011 4,071313699234092
-0,720260468917719 -0,8285265134002805
4,306567520785289 4,129927881224061
-0,7994248816655908 -0,7389345613593118
4,118097358652436 4,2216841997071555
-0,9211215783667057 -0,6785110225883662
4,107327288765305 4,327126284305014
-1,039356659073954 -0,5555375717714445
3,9627127885537523 4,460643855266643
-1,1681446177482186 -0,45936383402828995
3,848044939840666 4,534918512856692
-1,2531272932518873 -0,3178612521292391
3,748783129523397 4,6518743730615055
-1,3348496275461872 -0,1923333538973871
3,640301249792282 4,771970428219511
-1,4153938965065527 -0,11574824808793664
3,5681546517316405 4,875685382653189
-1,5097264058059554 -0,024013368201827125
3,478833824628303 4,985437879870913
-1,5478980439075525 0,13966455834408945
3,4336333037469027 5,094085259172174
-1,6314347687790198 0,2366558168960941
3,4250215910470505 5,22025807606827
-1,5675034504850205 0,3518780164201074
3,3978572157712654 5,367266848189895
-1,5864407657931854 0,506733906011686
3,406929921965506 5,518859916661735
-1,5553338412722117 0,5992850660937468
3,440280021933403 5,564170030288548
-1,5167405443186215 0,7439368238181402
3,4886945585653226 5,745174094748885
-1,4572667482879897 0,8475825438940513
3,5458962848432507 5,811984332651101
-1,410867779453149 0,9418020669740813
3,594763860813947 5,906187320375659
-1,3303862427401216 0,9463864585658643
3,6742633814566394 5,980280105481321
-1,1767081537215895 1,0454046697738468
3,7764451741342606 6,067941585707686
-1,0863169791574203 1,1466071618590883
3,89826047881785 6,11815523519167
-0,9763384868462714 1,1854584880290089
4,012574378676329 6,191049570572664
-0,8900391867883852 1,1868513192702244
4,118250811186132 6,200473549354976
-0,7845696272711747 1,2174988741989647
4,251336164739483 6,222955171259597
-0,6475962913904517 1,1696126289338802
4,361045368654074 6,19835787891083
-0,5056202485443612 1,1851022328418928
4,490765236810284 6,111935587360022
-0,4419003669037788 1,1055907324460301
4,550859977574207 6,083755636199567
-0,32658639154786745 1,0090126100619294
4,6391886686422685 6,02374516283037
-0,24228041121445587 0,9745143061706125
4,761642438096913 5,981135408435144
-0,1822901975775588 0,8718488360589277
4,795232823478526 5,894463580811682
-0,1076822476361078 0,826792271071452
4,884167439116207 5,833177101584064
-0,10629744780722937 0,7701257739092047
4,8629796458379495 5,779560884286968
-0,04744473031164747 0,6698764237538019
4,906658062593557 5,6963581368340765
-0,07070437075266903 0,6512160512088846
4,98602622035996 5,604668448410434
-0,010432982084937703 0,5562045927780964
4,997098713212818 5,60097141356986
0,012652902875991101 0,5111619298566878
5,016340408658623 5,532914901502347
-0,0034951504294155845 0,5229226266826109
5,013491205844425 5,479162938150427
-0,014275900573643021 0,5119113481295543
5,027881827893736 5,5301298232133105
