X Y
48,74420622444026 -34,04141669688493
47,88334370182407 -33,984729236023064
48,84348327443664 -33,93066173747798
40,13872198880613 -33,6006069469318
41,6478644612827 -32,44840031796447
41,12447070428064 -34,962744338221644
40,288201972238014 -38,47417847399937
48,21696324479248 -31,762624342174384
43,00738846490807 -32,39036912449637
40,76201482441447 -31,62286698334044
49,944604769377024 -34,40490384271192
49,22944488869073 -38,07946917902498
42,61618624924133 -34,30669600764246
40,942291609290216 -32,1443411423871
48,230766119844026 -37,47602221187044
48,81644764078194 -36,06339406220033
47,40413762916842 -34,094343341208496
49,87126641443704 -34,34839194943223
40,24940942389201 -34,82332831187143
40,27474070136403 -34,666846448308394
40,44173444630877 -34,194824187141736
41,643467491003446 -34,49640982642716
48,87990039267342 -34,70416429804643
41,74206700869224 -32,93812340743498
48,07476389273419 -37,07477399933474
43,74473806730039 -34,30344876307414
44,12839660648837 -34,39649322146874
46,66884084984411 -33,98894644766908
47,892933139301064 -34,38749694364114
43,94888436093843 -34,04423489474263
40,743629844364726 -32,877202481249986
40,46674681444763 -33,14164140290081
49,804002892671936 -33,68364360238288
42,11800046891636 -37,61689402362748
41,8008090684942 -34,14407393026442
49,94334473224423 -38,30837261242899
49,92142221394496 -33,90842170021997
42,02882990997766 -34,323124764276106
40,10824992824718 -34,88737444747189
48,94441967471033 -37,442942772389024
40,21996137446749 -33,19734138436186
40,344334767923764 -34,69946317838667
42,94669403178137 -32,49440936078186
40,07384394486336 -33,99412761037941
49,0273688394428 -33,91460266768222
40,93448374189973 -32,721088942938764
42,29843976449843 -33,92216688474269
49,74140603083844 -30,96690487882234
49,84489414141164 -34,477618789902934
41,82810468744019 -34,471429406217974
49,96142464167668 -33,92346239446874
40,949863299688466 -36,0473462494708
49,07973848040096 -36,31233263480497
42,6424048379444 -33,6096442040243
49,4906710490383 -32,663379870120444
40,97081438840832 -34,778937730437746
41,176342887962024 -34,888141243149064
42,106748964340404 -36,494867606341396
40,406308814839134 -34,37448723262762
40,4877041118983 -33,94626270778349
48,4800470297834 -33,18837189973608
48,07623472498076 -36,40447791466608
49,064444694042376 -33,22344183824973
41,29832474443999 -37,14990311813132
40,19941412932046 -34,004080091390496
41,3464920279982 -34,14089966409898
49,34499884843643 -36,74410043141996
44,06349490446997 -34,20921847283167
49,642374712948774 -34,64074420002964
40,49241494303218 -36,67714394494947
43,77337179272742 -34,437894834464836
47,89439039001044 -34,99437273806701
41,741983892279404 -33,64343348440402
41,62469007400929 -33,17961332189036
49,346792277293914 -36,442474684743794
41,94646444776488 -38,39181062236661
49,93380926418444 -31,927927221963163
46,91223971436446 -34,43424903422894
40,76474499784918 -34,43970312823842
49,8364412041843 -34,162418129264104
49,308488316283234 -34,424081224239384
41,41837481120371 -34,343978647162614
49,44720042427418 -33,44778320797264
48,028497738661986 -34,494489476680146
42,403130701808 -34,664798324180914
41,4174212162843 -36,04682984106009
40,03408433170284 -34,69314810704308
40,413478794333694 -34,72400044489624
41,24466803826999 -38,27168434033667
47,324604044791736 -34,46226102404373
48,933907924311836 -34,00188149672094
47,927121400444364 -33,43946310093497
40,083933338870104 -34,8134697897291
40,3447406467048 -34,74046434984479
49,48894064231779 -36,978494317221034
40,2487638072493 -34,74747934171771
41,639476820179194 -37,214674742477624
40,32921240200899 -34,77741301490481
40,709374462448204 -34,419733094848996
40,6207614236444 -36,29983267397946
40,44687262030261 -32,32179448992431
41,44246412411442 -32,331471634448446
42,00873328377047 -34,17984467017886
41,34319430774408 -36,61687647043889
41,36840832647466 -34,141717178438314
48,23284621899407 -34,80939343440837
46,88410427632011 -34,83198734007403
49,79208782448761 -38,1110491846341
49,18428637320119 -34,482049474468664
47,44331497484229 -34,212738246283486
41,969722807466444 -33,44794847768904
41,212800087370144 -36,61631260619184
42,84079164609808 -34,41303794672471
42,98707843840868 -36,06486142449839
40,29926279172834 -34,11268884123417
49,798178499073984 -34,42909236434496
47,7760882197043 -36,644971793326796
40,66948242140607 -34,28473128162414
49,01898304734198 -31,730474442624894
40,80811389720824 -34,44444281000607
40,16631694033774 -34,83788143927224
49,1904817812364 -34,038037180404614
41,731472482849724 -33,4942241768304
41,79129871484244 -36,41326116440617
40,367410322382394 -34,66486012834102
47,44879430692047 -33,1820601126446
40,424032346227 -38,494416207441786
40,623608966189686 -34,2388630488966
48,29284868047808 -33,89094889439963
43,08647836216422 -34,44444447132863
49,076662463166464 -32,981313709482786
48,97427327974676 -37,629220014237424
43,66643114334474 -34,74941349894478
40,06380769442108 -34,943409943344444
49,899113100114024 -33,73667141028344
48,10309113342091 -33,88471264317228
40,42472683243628 -36,23690040784499
49,44813047464483 -34,188223007460694
40,402409460984264 -34,41022221179747
47,4782276426341 -34,466370848947244
40,18692022437334 -34,91161808349389
40,28260802048409 -36,12963314411673
40,032027424766106 -31,404040446737733
48,762472027432494 -34,44794004927789
40,41984213082038 -34,40829444292796
40,32889304007662 -34,301234924636294
41,17633344738244 -34,630670141740464
40,720286081790246 -34,70371916940014
41,24786721987816 -31,07348446948098
40,47490827467741 -34,103726162381924
41,634817739839896 -38,20733447918442
41,802770237807316 -31,764344730244416
40,81029784348146 -33,241830999973844
48,0094427388043 -34,46081888079134
40,731736994431016 -31,194123884248144
48,482238944648314 -36,274076837038134
48,04183464189333 -32,436646949343144
40,938471124347486 -34,87424197840919
43,7136638738784 -34,10429216488142
49,60448414493712 -34,34868728674272
48,68364432804677 -37,12404644849344
49,48666489867499 -34,483872446201646
40,80294387498989 -33,04438893777732
49,806097642072714 -37,38761407473209
41,404094094407366 -34,07281618029729
43,63840233898247 -33,71743443778018
49,04488777691646 -37,494406919404934
49,48824480716444 -37,79184468234483
49,118017144291474 -34,68743302136989
40,443766469486336 -34,193712367199004
40,29493949234492 -34,622477394309396
42,01439724026394 -34,81229647042419
46,8940882670174 -33,71130281991142
47,86668043947201 -34,66037274416807
40,622314300744044 -36,22494932780434
43,92621734418142 -33,774272408466424
49,19898806313073 -34,8410148448146
40,6634699926792 -33,49078744696244
42,94484113219006 -33,918899293117064
40,204867688814124 -31,261996709277483
40,4312488304014 -34,204770661936426
49,867923742400494 -34,44333318964444
40,29378476317443 -34,84404628974824
42,22014383241474 -33,22474126018893
41,34184142276482 -36,18033430119138
40,37768669206443 -36,066140216792064
40,83742310204312 -34,840963484930094
49,2393832723098 -36,66296471148439
43,16481717062827 -34,62914163462047
40,91613619084364 -34,884712677108496
40,34979448084297 -34,761429464418664
49,74441347011464 -33,666861444069706
49,30894182046417 -34,42733494941086
47,979746493441464 -34,248497041232244
40,28944061460424 -34,92949692138704
40,484022489347484 -34,27442414443432
46,944029840479164 -32,92134048334112
47,24214774744491 -36,01029301183134
40,389340924147204 -34,49279412966231
40,08848887486426 -33,34339320902008
40,13422944387484 -37,84338148819903
41,901341921643784 -34,44316720409462
41,24416833948883 -37,26341973010071
48,87463770428748 -34,01674941608136
49,81427680090881 -34,801068364077786
42,17633932009881 -33,80944128402024
40,44489076812927 -34,63060114331744
40,819733792726644 -34,28238862976484
40,423280112624064 -34,792222687347714
40,74869407423797 -34,424727480387934
43,94230744490722 -36,384346046343474
40,161981260308194 -37,2462637241427
46,84114773810163 -34,606216198938444
41,04794444874408 -32,434713744464446
40,18866461842421 -34,12749804460047
48,679809269309074 -34,14012964112496
48,384009436006706 -37,76700443388417
48,782038131311494 -34,884772162983904
40,44060621744417 -34,32087943478821
40,4381104768166 -34,44723361093628
40,43413797786263 -37,72344846286469
43,47834734842974 -32,60427047744022
41,30244449313684 -36,867184187467436
40,96141068034126 -34,04664891322922
48,86884830827429 -32,20346348402621
42,349471701694714 -34,03421328423968
48,64142306414429 -34,034361880848
49,04647140372071 -38,264336747488914
40,81917907049867 -34,18697809790647
42,48142124138649 -36,476124887269414
49,434420202460146 -34,07774932928824
44,03848373898349 -36,14400890797333
47,2416719464616 -34,93170970148307
49,944494967204916 -36,332606291270096
43,99440710384636 -33,97496368877987
40,942647018700946 -34,74888494084686
42,748389788922324 -33,90187868924474
41,62969311877404 -33,7441374114907
40,44023243941792 -33,96976040243246
41,82816240946434 -36,368142233444834
43,74913113496811 -34,4642114369427
40,829412878247496 -34,477272844746946
42,989146478084404 -34,79413902449818
40,134743243944614 -33,01939341467444
41,94719172439414 -32,821784404008384
48,28711692789739 -34,30600444678413
42,28642094660788 -31,444197410243096
49,7293229727033 -31,318486897224142
46,84607139217083 -34,41117234094823
41,24449178834773 -34,69416871943184
42,70494724744693 -33,99198387041648
43,43936044494413 -36,918799066948424
49,484608024168374 -34,30086044817644
43,71423030149943 -34,49267334218496
49,49822236104964 -31,87020494090424
48,64742488101018 -36,168901089617704
49,734341422273494 -37,60620870718294
40,14417994488447 -33,42449031764223
43,64077140447039 -33,448033300716444
48,46079900494479 -36,7679676934801
43,163797878642396 -36,127844426003496
49,62288496361046 -32,92492488140914
40,92119692134441 -33,622724431042744
41,41864279788446 -34,641898432148046
49,74282020637998 -31,940862742497844
42,630416964102934 -31,96246209210978
40,66829041944724 -34,74348943190812
41,04647241383079 -33,747440384373416
49,90299891883434 -31,48022861286484
47,64970812243863 -34,42412412847814
40,82849709492484 -34,10031414914826
42,776260239627106 -36,24486423946686
46,62622894690442 -33,496142026127136
41,618270447938074 -31,26441768073493
46,677614024141314 -34,62229244807303
48,08774761376834 -36,66304037118144
47,700464449444444 -34,694343960940124
40,706682307738404 -34,18763096622961
49,97499141108717 -34,34444246121798
40,41344772871843 -34,76207231933942
49,964991349984706 -34,78442964346174
48,794664911184606 -36,30468201783814
40,14800886422144 -32,62606802464404
49,809444317967206 -36,08199820346839
49,02738741064764 -34,993793314249494
40,40169781347428 -31,900910848144404
41,47639422696082 -34,747221072426446
49,413461272726494 -34,43783097704236
48,29167031428129 -32,44132224487284
49,66223809162431 -34,239299787867416
42,96384196879888 -34,6322109129232
41,600498412488194 -34,67263418489982
40,7032760640181 -31,201090998062846
40,382626431693986 -34,747378113633494
40,369198009478746 -34,17470768427818
41,409623448291004 -37,443740118864614
40,464137401387404 -34,76934149710143
44,28067242291836 -34,60243343229104
49,476063308940844 -34,41828841443419
41,40166246301492 -34,222633648418836
43,40342194778708 -34,3109188381676
40,212484207724046 -34,12644419814202
49,46409199363262 -36,49060711704008
40,646681207480826 -34,27636200444102
41,947647793402994 -34,47062200179968
49,86144028080296 -33,43144641390338
41,93870016471424 -34,138342889994744
43,672479431400094 -34,77211841680387
47,76446442738463 -36,14464964361748
47,880920417146944 -37,498008207747144
40,76648996602967 -34,41243233892284
44,04447227406364 -33,39741640086377
42,224922282267444 -32,80779268477696
49,761680494401726 -37,17961492184929
49,614002479046626 -34,09846894194837
40,72042033214911 -38,399327448344084
40,366249677991734 -34,74403424274286
41,33102796992929 -34,82877414629482
48,30266873498407 -34,00297860148179
48,338338362137064 -36,97412242767886
49,04093126437098 -34,39167939742874
46,98030676449777 -36,13388762740294
47,064943449344766 -34,31804748112027
47,207430420986434 -33,80414489286936
40,9429984470789 -33,843674166944284
42,42180432427444 -37,22412030049937
42,21224883278333 -34,44841438794113
40,43430164686828 -37,44066701660706
41,22968317286924 -34,18909432016394
49,93477200618218 -34,94790844104471
48,731741768691936 -36,43898994648662
48,470466049982414 -34,264669349106924
42,39668690348944 -32,619484646789224
49,27126388016046 -31,924720463929213
49,864983412130624 -33,14946092339433
42,11348691424297 -34,87279871928362
49,70144310007639 -33,413264929717436
47,84166371674813 -37,38297727612141
40,014048609481046 -34,12127382707829
41,741106796663194 -32,938949832493664
41,80676872674037 -31,298673288714193
49,63009237438072 -34,64380748846222
40,0446480922442 -34,283097489718294
42,89321644024921 -34,61199999246248
40,412334041414286 -33,46214973692003
46,7834491369073 -36,04743874644634
40,337442314783164 -34,21341497693226
40,42444724469289 -34,23326484216648
43,34010268861247 -34,83390108684934
49,77834740664321 -37,2407844249974
49,42468816998688 -36,21101044061767
40,44411141416821 -34,868816739790914
40,343246449066084 -34,046614466828834
40,363829202364736 -34,73820807013099
40,176322466338966 -31,969094822444094
48,362444298999446 -33,63946180682801
41,37322008470468 -36,68701802844491
43,81644494641316 -34,21776449863702
40,96738499028349 -36,04448927346376
43,30742432760823 -36,04061409236044
48,44434337909279 -34,23004949244902
49,31227310849194 -31,61329913888024
41,63381400474892 -34,04244370148494
40,362804223609466 -34,66842743224894
40,0312420899713 -34,69472678022807
49,63474363208366 -34,344717010671944
41,92127867148946 -34,81998436171791
40,414714132104604 -34,444921461148966
43,44429937744016 -32,42803013981433
49,46683077974127 -33,990739076166214
48,62426414998708 -37,848102661383476
40,41874124320974 -34,79418724364007
41,4633823701813 -34,49664689989804
40,91741662271844 -34,484403096077684
40,27349111494334 -36,74348424971329
49,38779102747878 -34,97930636440428
41,30448414913136 -33,827960849467134
41,816416401600274 -33,14397168133277
40,24374891640278 -34,72302838968418
48,83117680048234 -33,36406294171637
40,44729746924641 -34,79324447721617
42,74710940104986 -32,24111729183484
40,43396180846419 -34,320029472144446
40,14749348774007 -36,28176878774747
41,689684790373676 -34,84444144883394
40,144138022416684 -34,063174033881414
41,396494448341234 -34,14719431034222
43,110779312243686 -37,2948743821462
47,32126960427444 -34,117313424702006
41,17384493160474 -34,600744838601314
40,73994282938819 -34,310316099967614
40,82967889277343 -38,41400332241464
40,942869771813236 -36,391420386023764
49,26436286760984 -36,97717729720284
42,60499709809142 -33,21240914046041
40,46717119966896 -34,0870100941286
42,32047993130494 -31,664041248476742
40,14479889398004 -34,13606211468231
49,711918889224466 -33,840998481932224
40,22664766176421 -34,3807710403228
-78,09236284444389 -18,79608478161091
-79,47447293431924 -22,748607789728084
-77,76733937634031 -19,434679224028886
-78,83124202424819 -19,041019161731407
-78,64809277942404 -21,33016418448024
-82,04664834316199 -18,007426848998704
-83,6164887218776 -20,103489462762322
-78,4228742770344 -19,030623261643663
-81,29102900417466 -18,84329149817074
-82,39761137728884 -21,48431472340632
-80,73002282964718 -20,748682312941682
-79,63164963642493 -21,21080366048022
-77,77016060649304 -20,480680219340798
-80,03047279400477 -18,870069614240618
-77,28184343119328 -21,430332321738737
-79,99711668408703 -19,747424704933686
-80,29394892977608 -20,09308237889784
-79,80247647809427 -14,836083144876473
-80,36264844200474 -19,314744349702436
-80,13773441294444 -19,663047744122074
-79,94339600649427 -19,712327308732433
-81,38792771170769 -17,944391124308447
-80,13366414814084 -20,927972073137646
-78,68484940377044 -16,120140330112694
-77,23744317744486 -18,137742030890044
-76,4326190364848 -17,72471714210419
-78,30986468469422 -17,0944074490274
-79,40649468442782 -19,694444608461297
-83,460442483367 -18,822293844420164
-81,84423000293174 -16,777434249264747
-78,00608994863341 -17,74704744873073
-80,37139187112467 -21,677291723280636
-81,7218311069324 -20,036689718463693
-79,34447034427001 -20,97673114422949
-77,97674447848731 -17,124494394417888
-78,84318629171284 -18,643974984941296
-79,74472379632949 -20,140484472472022
-81,4146618929862 -22,437296410943424
-79,84428479143179 -18,72604837674448
-78,9391730422944 -23,148281044839136
-82,7071246646398 -18,787324346066488
-81,49034266467048 -22,188326776394744
-79,87098101483181 -18,338867463404126
-81,36748200471442 -19,079963089446286
-82,64247432247834 -22,309414480194076
-81,24781261929424 -18,204161147404313
-79,98242443413383 -19,944486331276943
-76,06130770433374 -20,44380036404006
-77,38032348044826 -20,246949370218777
-80,12442614660224 -19,11038893193779
-79,69946276814102 -14,833417640960473
-79,24470743714137 -20,22403667161732
-77,06932121076744 -20,11116177041694
-80,46317782347906 -19,289062379644144
-79,000431731981 -19,923334482309736
-79,94666707820438 -19,744143339402362
-81,00764363814891 -21,427736664992794
-80,66643942184862 -22,311446480740316
-82,12023826686364 -18,269639116476764
-80,84910191004637 -20,062126494333124
-79,92471646809873 -19,69640437472744
-77,71463790680888 -18,702366414180024
-82,48192038673867 -18,779416962037294
-78,9442299702641 -20,8824312344883
-80,66863116971163 -20,148498874913082
-78,34964420492166 -21,48434444224922
-78,71098629104094 -21,394408764827208
-77,84976148396078 -19,47234102470016
-80,14136244477676 -19,87126893091813
-76,92247040217137 -19,310099398946446
-80,23814239347271 -18,646866848887247
-79,44243478119406 -18,21363137981147
-80,66898673267973 -23,24009484103241
-80,49477117492864 -21,409400839414146
-81,2961808403241 -16,99401311687398
-80,3226641840144 -19,890320438874448
-80,24094328020464 -20,784204470687443
-79,72713141840426 -18,41132368699706
-76,80004917801694 -19,71389444278694
-77,0902706247118 -18,462321770839984
-81,22889743808691 -20,132241944111417
-81,78470741101464 -18,243042440419476
-78,42243697496444 -17,09783427944614
-82,74604929986201 -19,216411248388444
-80,90084628696789 -20,24344119427827
-78,36764721321033 -19,187921964728307
-81,09437660462491 -19,917296391332886
-83,09867120320193 -18,03418043744692
-78,11172484864828 -20,8646474444704
-80,64378979179968 -19,14432464166406
-77,40086619188364 -19,988467923048244
-78,7986117028344 -19,19188681049198
-81,60324064203377 -22,774407948448864
-79,7391111331046 -19,14620429288048
-83,43869281287782 -19,74243904481661
-78,98478387679677 -19,462161894428026
-80,31301987714846 -23,1741624004414
-79,62228939844704 -20,989133711306604
-81,22413403372989 -16,140942677601298
-79,02442481846492 -22,44446610723411
-78,64724083936447 -21,844746009160376
-81,39081342421394 -19,469340634474644
-80,34270646466983 -21,324724499704998
-79,44620494744446 -17,43704609101014
-77,86170826444027 -21,811636440193496
-81,23319728823124 -17,22788472142413
-81,86827047448783 -18,408429262671734
-81,04934269372626 -19,419394447280983
-77,66639712178932 -22,27620631494182
-80,32968019342692 -17,48609482133774
-82,84047197071938 -17,447942321060764
-77,04240799090287 -19,314960176429604
-78,9929044492094 -18,76141340220419
-80,0449671611366 -23,413001833439947
-80,30443888224203 -19,817849183443047
-79,72442790487691 -20,08804446119197
-79,10892101234072 -19,191798147680108
-77,39694714676827 -20,241443812712363
-80,73469096797861 -22,389873478674893
-80,4478078918797 -16,37203334317941
-81,84140040200739 -17,404989339699203
-78,42948242442364 -17,993234670197204
-76,48621044333004 -19,02611487617294
-79,74804607239273 -18,819946429094426
-79,74666992666237 -20,64909480890128
-77,83446044680898 -18,097690204277722
-81,14674938194874 -16,12610731436009
-79,64781284417144 -19,36833243994348
-80,72931431441914 -20,403091332488048
-82,30442994499232 -18,948181198087806
-79,22679313172378 -20,73376120477401
-81,0402062846909 -21,94962410136344
-77,94240830400001 -23,123842603044662
-79,9649404481434 -19,743796749023302
-77,677372839303 -19,874302043170336
-80,23462688122844 -20,108044723840074
-78,43174766143248 -21,417844481417173
-80,72223731636339 -21,16908476949373
-79,41136633967313 -18,46971666801223
-79,04361724699334 -20,40972111848844
-81,2446030300892 -17,438463012480142
-81,77880616844948 -17,12036361610062
-80,14669877089711 -18,304669921444724
-82,74248409840648 -22,6044097369092
-80,28484991782162 -22,049084426867123
-81,403727346831 -22,06608990863078
-79,88638341167814 -23,079403467903206
-79,86796249844408 -19,734710140490924
-77,23702016674433 -20,487448037413614
-77,33941387444694 -19,204362174681098
-77,84219793681466 -20,639102617747447
-76,22246402242084 -19,77681362472484
-79,12303834144042 -22,949439462670198
-77,29373082471412 -19,60127428100203
-77,26619602001308 -21,14696066166783
-80,00097940049387 -17,961696413306
-82,92229161772187 -17,848687238213937
-82,97418038984227 -18,303110776044703
-82,93623346628187 -19,22171747301981
-77,27323622433608 -19,482737182317894
-80,84333644240082 -19,34006843448644
-77,10014884644324 -21,19916334017341
-82,89991961136804 -20,011684164347988
-77,70341433404748 -22,76060200474697
-78,90220448137131 -21,6897883604173
-80,44614481268433 -20,76434249114224
-81,88782408604746 -18,414301248434986
-80,8890884446013 -19,472938432178247
-80,44902343404988 -19,978173444341627
-77,48494932894047 -20,793343793248897
-82,31664346017223 -19,83034414944167
-80,40716984446792 -20,67037372439779
-80,44944769274644 -19,4844666840387
-80,84244427113423 -17,426389239319032
-83,22903942374472 -19,826819941023847
-78,4104149443404 -21,822283344937916
-77,41724626472806 -19,314793044112374
-77,39884421440789 -18,84947971732414
-81,19814464643708 -18,344867666837476
-79,34936246419477 -19,89470074718041
-81,21207349771741 -22,429469884783924
-76,68062336121268 -18,788908193894487
-78,03011113917408 -16,486930944080298
-79,23318403391303 -17,871236180981782
-80,64924248939434 -20,721133379207647
-77,8374212241467 -17,998477664037832
-81,14386494966611 -17,460403241747687
-79,03386124482436 -16,147416649416144
-79,40344362410901 -19,49961108740362
-80,14260623096478 -19,27304930427946
-80,77119202723809 -20,81842003348622
-80,17997108696144 -20,74643744812284
-80,44843001039018 -20,14470243861444
-82,84330686644744 -17,94986904634266
-83,18873641047813 -19,426947420810486
-76,96743396706808 -18,278129906344343
-80,49444169144602 -16,70703032687662
-77,46782089874734 -21,977177401184297
-78,87444844011636 -17,220928374429686
-82,7477417198748 -19,173826049888074
-78,02499890828747 -17,220221078424768
-82,34036349714094 -22,611702892864164
-77,44218183631988 -16,71382860607738
-81,1979889192346 -18,110188324239
-79,44084242264177 -19,830066348019326
-79,97469869441094 -19,60034690744884
-83,86622406341737 -19,802412138709883
-80,97192069489964 -21,817694329124948
-78,94239929023614 -20,480406297144716
-81,26364764614744 -21,093171447687944
-83,4387924018882 -18,980410243404166
-78,66947432237312 -21,207623044938178
-81,76410211839274 -22,68668340932299
-80,1349144736726 -20,64017161394322
-78,17780474123761 -19,4697834436724
-82,44486496248213 -19,676347476438166
-79,10130716144444 -18,467262744481164
-79,80034126146429 -18,067814366432474
-79,16786220390334 -21,346089314913297
-79,41267044733688 -18,082443708469824
-78,02748296439473 -16,646148034422274
-79,24290291601984 -22,267149376444136
-82,47613421410634 -22,186777039316322
-82,8640148092124 -21,646449077363627
-79,46187681909388 -19,961783684934726
-81,1237782131487 -20,18749678914118
-81,22914449074364 -22,18110703882223
-79,21863947803737 -20,49171368178243
-80,4362110012371 -22,8344987370794
-78,94204488408387 -17,60804467697469
-79,74644679482434 -19,337840442467012
-80,08806227730702 -21,67834407703234
-80,92398684880914 -19,20018102267904
-79,72929103341248 -20,93677644487141
-80,2444980308221 -18,943378348083274
-80,47640729216969 -18,64727468130247
-81,40689931288804 -20,313674909342326
-79,68744434768482 -19,993192496914113
-79,94743313480072 -20,30094997163868
-81,44644618340134 -19,918434818837004
-80,22721032016702 -19,474742424388264
-76,74689001860433 -19,044968988418924
-80,14080449612472 -19,484717740130927
-82,24393704930776 -18,17374798704493
-76,99422601263096 -18,11446420940094
-79,73634664879474 -19,794296822763823
-78,30446874446877 -18,41936806160076
-80,48461260008064 -19,393979731822984
-80,49447222313447 -21,47290394646119
-78,94814444801279 -22,64784027314163
-80,06381041736436 -21,960490846777874
-82,76964483110874 -20,991820840788048
-80,08468070006819 -18,94618478706462
-79,86444777461143 -19,696709271142347
-80,82828036148074 -19,26070084304441
-78,49242883444948 -20,222464447694474
-79,43784262488694 -20,343779461141068
-81,40141033418734 -18,974189334644918
-81,44373741394346 -19,024999109177138
-79,99271672469311 -19,82317638124074
-80,01649638396361 -19,464829876928743
-79,62407416370406 -21,131104470144302
-78,39844461744664 -18,80133681866313
-79,46389747964077 -19,444164664617827
-82,86904863894904 -19,47947622228912
-79,87084097302889 -21,949291839199404
-83,04988494187676 -21,437092498106204
-80,64040926744097 -22,944149306021108
-79,9846792736236 -19,874601484800363
-83,01402462984102 -17,634494240034264
-82,29963630942791 -17,219442266426406
-80,81266148628844 -19,94184947184901
-82,22149214609411 -19,12441124390431
-80,06747482284969 -19,618491988867333
-77,26462427929184 -18,71836381961273
-78,91130114606388 -22,026649922923844
-78,0090346041406 -18,198610488724116
-79,47741421348823 -20,016802746617144
-77,94939441661784 -19,39048419392719
-80,32146623901347 -18,990270981291444
-83,17423749219964 -17,739797449013133
-82,2467044417499 -22,441029448108484
-78,47249149047939 -20,43086367027913
-83,86384741210377 -19,21489494846427
-79,94920846020616 -16,430172433089782
-80,16647929444006 -20,843161711122466
-79,37908316478116 -19,991644212867777
-77,88833404730684 -18,942908843739334
-79,30748727003116 -19,80664449033104
-77,67200767619433 -17,371471940439662
-81,0834444320046 -19,02346083011803
-79,11630839329213 -19,404673421378474
-80,44900412467442 -23,21336266432396
-82,87363620817392 -17,691730476966374
-80,99866966361631 -17,994113490309474
-77,14941480240839 -21,424374003609662
-80,4708474388216 -20,42247808807642
-79,48694144869784 -17,927077361422704
-81,61122226224914 -18,960613687923484
-78,19344431334383 -18,264314777497997
-80,62146681093286 -19,66489131343808
-76,31478076981464 -20,242344431428736
-80,24092794742707 -20,847814724730762
-80,07962236788809 -18,48493671627402
-78,27901241869064 -20,16881043431143
-81,02433431843368 -16,31778792200834
-80,67194341866404 -19,343403092343914
-82,24617420416694 -17,917844341080446
-79,98698111848486 -21,492708663464697
-79,82877180884264 -19,892608447643497
-79,48822007498242 -23,374188376664614
-80,11066604778466 -19,80832333797918
-79,29273910324287 -20,980396847488944
-78,27091902140042 -20,36782204894299
-79,01882814943446 -19,414249303442788
-76,76030148340642 -17,843073180411112
-80,9898788608643 -22,126463463041676
-80,27082798794864 -19,496393674092204
-80,84429880844487 -21,869448620444487
-77,31331043844374 -20,424466876074164
-80,04778440206067 -19,794191627099373
-80,41042342334291 -19,9989423769696
-81,48296918993078 -19,67113904302404
-81,04732343710049 -21,460248042766664
-79,83823208842878 -19,92690447287948
-78,77147804762217 -16,841928422646948
-80,63343146921421 -19,21703471792468
-79,00292863947206 -20,494767861817144
-79,44848806267112 -20,39663427219924
-78,37408948429374 -17,43638441949021
-79,69280069034943 -19,98443942147443
-79,69403466472397 -17,296143112473224
-80,69037119492669 -19,173049436808604
-81,87821971947433 -20,046494444812664
-79,44970206214114 -19,274406406817774
-76,37148494014382 -19,622904419449946
-78,81918441090303 -23,26780799233847
-79,31622790239612 -19,76680217343003
-77,44494806621113 -18,93444372983873
-81,08744111474906 -17,218331220034976
-80,7633910268781 -21,127676734841643
-76,81114342883174 -20,84681972103974
-83,63091243774817 -18,893329441698272
-80,04448963644617 -19,773449643334677
-80,42318229046432 -19,34413413434446
-78,90971101283924 -19,24944044998929
-78,76631088607803 -21,01434477844064
-79,79739179437684 -19,444734040608473
-81,10040904103779 -22,433274779027824
-79,94663220724397 -22,788421069493273
-76,43431013820687 -21,44878200242473
-79,99474934798146 -19,612486438604678
-78,6472604701849 -21,90227637646491
-83,23394380078736 -22,01214012114473
-81,46607230114144 -16,67983192927824
-80,7236181881189 -19,09023829483641
-82,49812440688707 -19,931684797228933
-78,3942041784091 -19,720804146878643
-79,97963914461114 -19,783481043614478
-81,42368166617434 -16,444213484142687
-78,94473241197227 -22,423438974769803
-77,9743714379776 -21,80389440026384
-79,12831937148806 -19,413410344061486
-79,74041109298794 -20,2673874079239
-79,12026490393481 -20,343264676494373
-82,93087733747268 -17,399129701766447
-82,81464946671484 -21,003417449900033
-80,74330303400017 -20,48319893370424
-80,13424741271347 -16,8864743206792
-81,36390429284194 -20,884643304144994
-82,28440379494794 -20,16034948692611
-78,0936233734174 -18,994700479396803
-80,6618634448421 -20,09422486147921
-77,8414414747239 -21,430203248798028
-81,2470174461674 -20,24128796744641
-77,7483040402814 -19,768690847274964
-78,16910696724041 -18,444237941831246
-79,83782448289648 -17,848471304970346
-79,92420771464404 -19,831341128400484
-81,67824943681472 -16,193149642920367
-79,01746137642446 -16,44288744349422
-79,44902644831312 -19,428921640949026
-79,61069642433849 -20,947814981428412
-77,09081693072318 -20,442074724903462
-77,1036467213027 -22,439943366880044
-78,48843428617041 -17,969224614879448
-82,22439963930274 -21,462821066394413
-77,7994202182409 -22,0812241081332
-79,00804962780319 -20,7412660764328
-79,01441937049822 -19,343912814434124
-78,33394840393046 -17,73664460270816
-79,81620726783234 -22,263017942314313
-80,38141141843211 -22,336447224829676
-82,49462842443478 -17,316317023229814
-79,94232184341121 -16,424011402940207
-79,2644947178361 -21,626481707744623
-79,27714286674682 -21,128904048144047
-78,23497806429634 -20,491880863164474
-79,94424384043743 -19,71044472314482
