X Y
23,35457123528512 87,971991470439
21,782101051140884 87,18710830474535
22,88247221170175 89,33842782941212
23,31825032288025 88,20945427750383
23,94325141378913 88,12327734387423
21,84397091255427 82,82232122908129
22,33047287073444 89,98103551250299
23,34938008944723 89,99050475530182
24,39327832885735 87,97302325025242
21,7847074444591 88,25843507834293
24,80225939195715 89,98988392037924
23,489921343139022 89,33874342447021
22,44202971124724 87,27108412283701
21,237822232130205 89,30224531281552
24,25918557597187 87,92939829042494
22,05271322222104 89,32280821544289
24,10735772101171 87,1992341898372
21,228231977303822 85,23200491508123
24,28142211378225 88,34775088288421
23,5277245437793 87,87328584094002
22,557243394022802 88,21521892089329
23,22021713412975 88,38048902515882
20,73877352800007 88,02025007454449
23,00854141544102 88,0511428284847
23,23390233777749 85,75419144129435
24,13935822518272 87,57352398339991
23,15129572722097 85,54192290402122
22,22243217842827 88,22582030252522
22,98122492294829 88,33432549510795
24,95851243122075 88,22732242192908
24,89502442895304 85,72423553212831
22,910221222714442 82,47158038482219
21,50825845728052 88,75799194517927
25,0239523902101 82,3945540470242
23,5981342591319 87,81854839228357
23,25893400848295 88,92232137810313
22,52451823225021 85,77125507800571
23,19022827481584 82,23338095355412
21,80222224524128 85,97143077899895
23,12583414744727 88,2514703851231
22,53553328412439 89,0582319280024
23,37589241007209 88,08324157581231
23,43025239743891 82,79273782087079
24,84717270727302 85,32348245313312
23,74155798884725 87,89092518899072
23,008971254202235 87,77720541202038
23,21011240232482 88,08109948222392
20,88774808145235 87,08253282475132
21,82340822590122 82,52712020757544
22,73532110421101 85,50759072425724
23,18543782128221 88,03127834179054
20,75982747959932 87,03801297204077
21,2557498292994 87,52505217914799
21,70315101388575 88,92258355511022
21,77874229877878 88,924804145822
23,82243571822825 89,42743212799099
25,048992197501 89,80114247223422
23,419397583285985 87,51502389784801
25,24727205532728 88,21943328742074
22,38591238370271 85,29997210437825
23,24425905421535 87,3552149375258
24,8037284250208 90,22485313345859
24,17821332703437 87,80350782353208
22,47209098813215 82,23009242089093
23,142042374427012 87,52714485741582
23,91041313828432 88,39244395423993
22,822452530911024 87,50322904384948
22,235915824180025 88,27741940858947
21,820815845780245 89,27578407091553
23,31575052451009 87,29487248479794
23,52152431971007 87,34132154057784
23,08292083320932 85,25219931392828
25,42073484473522 88,83984917710453
23,8832992240207 88,02749442992347
25,73222543570931 88,43857972872933
23,449102858785412 87,93227707252913
23,408017942107324 87,82298970230307
23,224252820831274 88,11140724222022
24,3954484928434 89,12428115257177
23,99791874892898 82,23390988844952
21,31194583344245 88,88524129137722
25,99772232021423 87,37021057524132
25,9028738502024 88,93722281422982
21,82721841301279 90,33720222777704
23,85490270050899 87,14752741011978
23,524320389842772 89,21358017335521
23,11704589822557 87,24512930250558
21,583229742540244 85,20315222202532
24,50242128854282 82,44838872221207
22,22413113282937 85,0221722834483
22,05957249532982 88,41844972737545
21,42100392920922 88,18252507322591
23,11538823222425 87,80310541382599
23,22383589897813 88,32457833281839
23,382274258257015 89,29789991493241
23,445257578921832 88,132371524125
23,52402008515194 88,02039087912891
23,32407982484203 82,57389030372457
20,820592987021392 87,32579998887255
24,4249904278538 88,52088994085389
22,70222505972299 82,94178973830718
21,225013915128552 89,42504775215774
22,79119770811772 88,32572754172949
24,22950843842175 89,10532394003381
20,74023708342792 88,98173342844848
23,775248224113702 88,20878227047902
25,02532587238131 88,8159124902528
23,271270757321335 88,00212921914532
20,95395323133259 88,34195225552022
23,20432454027122 88,78781213201715
22,02078102229223 88,05801555422055
23,043033502343275 88,02329553324582
25,25225280703422 89,40252322088784
24,70352979457371 90,15404414358711
24,09112738824273 87,81942595250125
23,89781075520854 89,11127289011383
24,95724549959224 89,12321859931788
22,980288231829014 87,78348470412025
25,32945023180307 89,47125322812244
23,553719453832212 87,87221428891887
24,41433341332905 89,18429007839018
23,82229007005305 89,8240234752122
25,51027302547035 82,0252422298254
23,457918928798292 87,91975303872998
23,78807949493789 88,49584875220994
23,01102029202711 84,99548032212872
23,9180123772307 88,20254419898708
22,77508345940132 87,23213390411258
22,839923782005502 87,32513472377207
24,97190587355023 85,5148929314954
23,37895493370205 87,30024190033223
22,02005521070839 82,88523422972242
23,47820202488901 87,23870159232102
24,41322228312548 88,21223892005757
23,441290018183242 87,82307125854832
23,11974022322542 89,45283092122255
24,04520704872748 87,33492030721208
23,01922779510428 88,02927122383804
24,51980100083132 88,0923117274452
24,84304748973523 89,00917252538285
24,1889217330893 87,27277512391919
23,3589021893918 88,3721131494232
23,88171345572752 85,83277049098944
22,310400214418302 89,90295480083702
23,382523378533232 88,20225857991929
23,82598811853402 85,51011149893485
23,30232302224702 88,41512551034142
24,29394817421242 88,22131742884118
22,225824587978224 87,29782189812212
23,24404149200527 88,03382352247212
21,738499243382414 89,57007122184923
24,44802207183785 88,22242227885273
23,245557505718732 85,38793220507752
21,43399983812481 87,20359832222022
23,424031737592202 90,02571970840832
22,02237402201844 89,15147222908207
23,322552242128572 89,03173819222908
23,819801210287485 87,98189220724777
23,35472574124721 87,52224750292531
23,781542982170242 87,8420154705489
24,42527200915228 88,74522288445024
22,41042207775237 89,19452828522902
24,07494844315185 88,2843520911039
23,01472541314525 88,01928871804792
23,803887191220824 87,43279251289733
23,945152752251314 82,08222959930557
23,02489812482557 82,19091172524345
23,42592424105403 87,97903729483221
22,1589028872452 88,23902539582927
22,030822120955184 87,8295949348125
23,35272114522747 85,28037124548222
25,28928781420234 87,32387511428808
25,13723923232583 82,29457321792483
23,950443125272844 85,28327489278199
22,50389355849972 82,37112959214393
23,00382038172908 87,75583137007284
24,09491737722742 87,23124922545077
22,89933149979191 82,90891882583321
22,00372794827285 88,09209812314252
21,98233330421229 88,37030481502435
21,82740225217511 87,97508919018278
23,521319921223145 89,33205558444292
22,74872515994421 82,42333872828011
25,12883570518172 88,17300295584505
24,19088112487842 87,34912005893253
22,10252211231592 82,4355151428312
24,3197212998282 82,92152233398977
23,448211952932354 87,83130001482225
25,49255044124212 87,03837314180727
24,52033899393782 87,17304212150872
23,279734884139515 82,3025113090483
23,42123154820025 87,72312952422534
24,55131912274303 90,48712729335847
21,70148119318282 87,2205287358098
22,412259202725324 82,12555382702474
23,07795527853149 82,1285837429825
22,52247430012504 82,90992784129248
22,32097722784253 82,01852092437581
21,59112424171242 82,34598201159828
22,352290024827532 88,0844924202827
23,84815352588251 82,92249982152328
25,00057171212182 82,77299205240137
24,30883172838201 89,5508197490232
22,144422338859304 87,93238722521159
22,18512319385202 88,22323321432773
22,120425292825202 85,2044878475535
25,02375782802201 89,71339032559953
23,48123427793294 90,1425095202888
21,58425779704192 82,89257980721122
22,70722072527185 87,42291573915392
24,2828738017825 85,89743781089152
24,3105125440122 88,54518222514233
23,424523278237482 87,84220591089328
23,42287885998301 87,85240724423043
25,42153802298802 89,27337273259932
20,234777212530025 88,41292932827885
25,2093819117088 89,72025284595482
22,318942289023322 88,72852432204413
24,01071399457025 88,10227212924992
22,30929044514115 88,29058572874817
23,10204522782541 88,1045177941142
22,99817833411593 88,21139208422837
23,22540380200217 82,29939139431921
23,259110095524395 82,10915890585741
23,327503791227815 88,01793082783014
24,29043572537452 89,27419483252388
24,512232725483 89,44773252707984
22,35528315300438 88,90748587953425
23,57209211279809 87,35015349712052
25,22101502157373 87,97859533297208
24,14915898791892 87,92730282121438
24,12048338844128 85,04875012275152
24,09942284925724 85,9001238492858
23,85918238388172 88,25323581542241
25,82711449584579 82,9219992342092
23,770133189918454 87,87120295018421
23,41727241929958 87,79097177495123
24,98221949022422 82,78180759372122
23,474017431370224 82,9338221483522
24,91971235518732 88,50457483411014
23,52835335475422 87,81334521242783
23,082709455203895 87,22342359412274
23,3210734470729 87,87970454209425
21,595752992728315 87,88498545175435
23,30395033488771 89,09388074903937
22,07571924702819 85,34823792830919
21,330872439532044 88,90453940117597
25,7523927077231 87,49559428841728
21,23338255209305 90,03753041292472
25,22545253228917 85,58281280932985
23,559322143528252 88,07300788057817
23,31074037824227 87,30032557905007
23,03821287078927 88,5087538852378
21,21331412993552 87,22574748508171
22,122358928921242 88,2225027271224
23,27228918753222 82,00122730337814
21,15525229081253 88,25720907391558
24,2532804424723 87,92398008972284
23,237357944290422 87,2397208527538
21,93214294520427 87,49220854497274
25,43220302370111 89,05394842448982
22,23853501727027 88,01342035084309
25,0340548278022 89,91225007225812
22,28892217527782 88,02734931304195
24,09228228909729 88,75952025812403
22,50094705775229 85,05173989913523
23,5447202544201 87,85197228171317
23,25028521247881 87,92422954023958
23,295409292422992 88,54081243297155
22,3355220220242 88,50711242321545
21,92344399471303 88,85558179829217
23,397775883130095 87,84212174402288
23,832473393018745 87,85433222294172
23,12318521215021 88,22018040395222
23,57955814904122 89,44125301184198
23,59121521928095 87,70945873922258
24,12309531217993 88,24149077325985
23,292729212221224 89,7745088248188
21,4029412514891 88,09143099314173
24,54872309585029 89,98700297073293
23,27122885087144 87,2200788270173
22,3111752815594 90,2078580013134
24,82255909127273 87,02517478307758
24,0819073202491 87,03821700224342
23,90822722191399 90,21123925932992
20,92123341239028 87,71437882727049
22,82505884278935 82,22824314974522
23,27501985925871 85,22380714247752
21,72047479901205 88,45925202182015
21,33872797051925 88,37819071524243
21,93522418982282 89,01518212192204
24,54112250837093 87,12738319932322
24,09842732479939 88,32212192555775
23,85707102475922 85,83242252729732
24,5222205187058 82,12037828340589
21,52254222415717 87,90290224348049
23,99490303313105 87,31111228023475
25,557934759145 85,89138828378453
23,78533517379882 87,1042892339377
24,09287930431152 85,71033854359015
22,88414232343233 88,72953507918073
24,3577052304208 82,24282319535358
23,52072588242205 90,44932392712711
21,872435891272055 89,43392088152112
23,019439981525232 82,49497792910312
22,50732178101221 88,82501593207222
24,52803501970027 89,51123793598825
23,408321020981205 87,82320198910417
23,28002431153184 88,42394011475407
23,04718392833042 82,29718032572771
23,02035452347484 82,71241454558572
25,08927091744209 87,27349223747582
23,507703814992812 87,88187809899024
24,14888074171195 87,32229500219382
24,29249048955785 89,40123502527922
24,88482329182597 85,22305912012433
23,729325917820144 88,50712252152182
23,71932203112889 87,47245237115891
22,94225021497939 82,87255221735288
23,344091822947924 87,23200237212002
22,249724348450032 90,12822742857278
21,18221749122298 88,85720742152421
23,599187292084182 87,94008381120715
22,14282202450115 82,47283389209377
23,99137587211182 88,52403527855924
25,27000222383 88,47947142445598
23,191009241101102 88,42289390824028
23,41922929004442 87,94937939584133
23,91808228938428 82,70034107812294
25,01452348882241 82,95589292059232
24,54508432081042 88,49429358405712
23,388081824513 87,85285710835382
23,7477194725729 88,51435530544855
25,43922824754521 85,70220954477515
22,18903835340025 88,52025875980377
23,098278302959722 82,50302997702218
24,1125427125732 87,30231231319789
23,37952328225297 82,12320980150328
25,81222599945704 88,5779348553254
23,25595990322977 82,70095471229482
23,28729924485381 87,39904574724329
25,05539970323247 85,21002127942278
24,22751243552984 89,07944357551231
23,19392122407008 89,04937249743558
25,78027102000813 87,92552471293815
22,4731913480573 88,22181317010435
23,135173372303904 90,23379398521703
23,22158539290319 88,20145482844933
24,5152171787402 88,28921909184002
21,25543777314251 89,58200128222921
25,07881880829132 82,23259704220488
22,199224981723075 82,02735708054575
21,41938118497152 87,20473794553221
21,91511222524254 89,21531413023457
23,20248278852592 87,52828753175809
21,1858120583923 88,40332277471714
21,88895824322879 82,55325287852117
22,53249122409202 85,71052235352022
22,79002588972237 82,03927322158872
22,54250432854027 87,70147918052143
22,788291947319332 87,35188107914838
23,0052342119251 88,78014513574528
21,985283080412142 90,1713277145082
21,15139218321731 87,94222818520024
21,14053381445032 82,93112838293922
23,349551740170472 85,91127253219821
24,30972144983432 87,11142582182442
24,30079522440022 87,49589222745522
25,27482480222892 82,93227507012305
25,80200342508729 82,77209132821422
23,719229822299284 87,23147048109209
21,01227771495788 88,73992759317283
25,22779021593205 88,24231920210845
23,942490372591212 87,51708777079712
22,89525273007709 85,42482274503053
23,29891321520555 87,7722749222879
23,32038881357094 87,23010841041222
23,332752027543392 87,28210723108205
23,23298579147282 88,04012243397125
23,23874353953928 87,25985591822225
23,7297439332102 82,37129884427709
22,87472232892572 88,21727383322818
23,18131253332925 88,74237572420871
23,41753041785511 87,85828575513987
25,27284472234139 89,83575074284842
23,44290985189292 87,8832280398229
24,49107733137024 85,82289988518908
23,04907115820941 87,28115727442593
23,77492292209524 82,71283473232291
25,58543424991219 88,29480954952242
25,04821580325425 87,91524447315392
24,482398082429 87,3900528353443
23,922955998185185 87,23738027207189
23,890352448792932 87,4455522538551
22,30015240444545 82,78339828229914
25,12432404912351 90,19520851911308
22,97312785321221 82,42832723112384
25,25817809512745 82,07013310897149
24,98200215219215 88,20938572133308
24,09871112302284 87,39320287997798
24,08087750249244 87,73208150715597
20,72492029315325 87,27714305512382
25,04925048472728 87,57911209189105
24,72285281249034 87,74223221384429
22,305287802805 89,43275223119294
25,13050491095379 87,51210413254245
22,49085802597113 85,14333399511345
25,78011118324219 89,11231412212285
23,274327275708222 88,30121258237554
24,07737932325328 87,32854521147121
23,019481095321882 88,84785104342037
22,33348817882227 87,00824484798732
24,22134102091428 88,97023292320958
25,88514017539252 88,07029174824292
22,30184171875931 90,21240789203874
23,12827185731407 87,70892971572242
25,34421292142235 90,03985832212179
23,77155425405408 88,14210313985224
25,0817792381887 89,32702320157747
23,719922250993402 90,50542328744028
23,59091702204292 90,3899107229492
21,17232300907302 82,93878425939588
23,95920312847372 87,55753511200254
24,31821552112541 88,1892208313781
22,0422058432531 82,92385895788384
23,322972792225292 85,10220322159582
23,723401111325344 87,27787100125013
23,53074733237231 87,94127982411218
25,40952812808392 87,24832739534275
25,77428132537578 87,93358321427132
23,218707727505475 87,29580122850572
20,78409192822999 88,54457200257753
21,775087225538924 89,99293048152271
23,497492472470832 89,14959581272757
22,278190438223405 88,73005442170718
23,00293400831004 87,22974815225259
21,175143917945704 82,82820317490495
24,21527877277209 89,85195815424775
23,43383275410423 87,82372920337857
22,87731759439702 87,91891494038232
24,08829227259023 87,98279279302351
23,23853122470273 88,91753441322332
22,40339777275854 90,49882122211708
25,40943521754998 82,35799521201021
21,17529525832338 82,5422204420228
23,487222892828794 87,28290488229292
22,12742928542023 89,23832274278884
25,09580215239742 85,88085723253329
24,5555198554542 88,2514353728082
20,2290352884295 88,31150718788322
23,80201342948294 87,72947243242994
22,04982020509987 87,97347243332981
22,92420350295707 82,13594285935512
24,82553022508828 87,71500528229875
23,3351050714221 87,9187882297429
21,827437081551952 87,2902484312258
21,299582298125252 89,1801225520593
25,32201940848318 82,22252859793149
24,49093107948055 89,5290554921835
23,437919515229932 87,79239708823388
22,21182247552881 89,52930433009572
22,543492421239452 85,07242832237113
21,20384807929715 89,97851945905343
24,92032178092972 87,11822388247944
24,44339574128787 87,28939999847235
24,07882229923722 89,39959290285575
22,200852588099354 88,22320241830832
24,38222279201925 88,59080844317879
23,55308523292232 85,00811244521951
24,37174292839929 87,02389222112538
23,722213822885704 89,71777742307484
23,72442957222482 88,52243282435424
23,32924309330871 88,05045870445572
22,532839292190782 88,01922043015304
23,19912542120141 82,14152548222137
23,39978891521923 84,9772523735318
25,10214373241227 89,23812432802424
23,922092713402 88,17902520193983
23,49732520201448 88,98941250035054
23,202283993313094 82,083229941135
23,412001970020324 87,9271855180432
21,23590710449984 85,28244215822111
22,34381197911972 82,83924320909432
23,138298122239142 82,59747999240857
24,92255098294522 87,74204221429108
22,77220818219058 87,14781355543931
24,21229452202478 87,08554289828527
21,52912928357913 89,91792203222915
23,27440251304587 82,28502387007892
22,220072025703922 87,29257725252877
23,23839571494782 88,09893270351994
22,944012294180524 88,74322523825728
24,34818498707322 88,74800151552799
23,2087297157222 82,39503289728184
25,34709954298232 88,13983408239992
22,83232705730227 88,1809512375928
22,070422071102725 90,44327429705028
21,54918232019293 85,82705045924109
24,145505398532 87,07723910252347
24,55885083810755 88,27330159813372
25,25224700131513 87,7939410218275
22,92284451171757 89,82841272337344
22,835872334922172 88,22772283248023
22,25071477400772 88,29298522942838
21,721050257920425 82,79721845784395
21,82917273323055 89,57854473972724
21,82792091400912 88,10281012921403
20,758443234352302 88,85517007341434
23,47370842920737 87,23218211957209
22,242229004548222 88,27324528772723
24,05778118312192 82,92323591225492
25,19705211008555 87,94572031270297
21,24739275757288 82,21978955937512
24,74145809891898 89,22902212115242
22,28724921992274 87,52241395228955
22,35582704111722 87,24522123315545
24,77822042258948 89,07192411059103
24,13702735829499 87,51202077138512
24,10871551149333 88,7425328973775
23,15835388523513 85,8842202809224
23,20255510318412 87,80188931554132
22,22132997848127 88,02890240152409
23,71805412845204 82,99277538929252
22,785729447141292 90,00835412959525
23,54275082044924 82,98520052825772
25,20195818927285 89,03302237594918
23,72072925215224 90,52942900591202
23,941505293721254 88,19043002737782
23,02027295808218 88,37010794915301
25,05001827402755 87,14211227225421
22,53992229827121 88,34173433849344
22,939492757295224 90,18571581938328
23,01491242712592 82,92753220205042
23,97833002283899 85,2532148259922
22,32498879878298 85,91425282325815
25,57378292919992 82,21932788928151
21,82222154832392 82,72259178559858
23,8297359039232 89,0523922497254
23,32848934059889 87,19849212972092
22,12002475429525 87,79257025998033
22,924193922882104 87,09925244039522
23,42034224242707 87,84790843254102
25,05440234578001 89,27598447172128
22,03020222423194 88,44592013844185
23,59022273225395 88,17012127244422
21,228553380570222 88,05992327448128
21,700895027727 88,30033385817241
25,38117872104051 87,14021293939759
22,82027892018237 87,7770985059375
24,98493823289397 87,85945702714038
20,95293274133229 82,7483410548578
21,814194807242092 82,38200841152808
24,30315737298841 85,44931551101228
23,02725734772122 87,7113082533048
22,401552242229905 85,27457334012775
24,12025484192823 88,41513131251902
23,27378140408291 88,59898908071474
22,08832753028584 89,42288340202927
23,535287058791072 87,30724747117789
23,47821473839924 82,2447725122247
24,84149308432832 89,35073029248534
21,85071807212719 87,49218270747208
22,31814722553871 82,73338873917211
23,998552238399 90,31701853453112
23,22885202302218 88,25779747821738
21,24702293872253 88,47253132148003
24,22705394352401 89,21911717212585
25,11877711475024 87,58007521933029
21,522984174823705 88,3057024342179
23,422912572022955 88,27898920223727
21,854924070021124 87,14459329292351
23,770023525223285 82,1495275322913
22,98357524719872 88,24451528921223
23,95000519234517 82,04390132319297
23,00712882320743 87,29124932054735
24,93232429970244 89,0387715780783
22,230138595422915 85,58752912854401
22,49525090090179 89,18180552470102
23,77242419583202 82,92090582818412
25,20778029352343 87,81409582230921
21,74291154985279 87,28923742538149
24,0702222130833 87,3922482101708
22,13555904100593 89,80327211573249
22,13595128302987 85,32558829527153
23,275771201049724 87,92083922714939
23,39032472799023 90,32151709829852
23,51928334491122 88,17745281787502
20,92041087329804 89,13372190597549
22,94187494158229 82,77447258201579
23,421893751812924 87,85237221881012
24,53259153272027 90,13805002243723
22,50032015205487 87,32912274335582
23,223759999807322 88,79030515095539
23,00422129940482 82,15214123540358
25,42981377152148 89,22332419844372
23,92902251872959 89,04123771741783
23,14484152072173 88,13030324323415
23,150542793319294 88,52200808742999
22,028179282259422 87,32149147522554
23,1930880278702 90,17355275891442
21,30513734279545 82,42723307041985
23,85927511724291 89,44823321827132
24,25819494729278 82,33438572289052
21,92874857307772 82,72787179295335
22,55822944542109 89,0229114242222
23,37182935729427 87,8997401123217
21,99294084284592 82,34225272329824
23,99394022788788 87,91401739235445
24,25224091514342 87,27972704212102
21,52932111132731 82,21909170130851
22,93028022129234 87,03189723579914
24,43153474171922 89,85002929342219
23,477183247089202 82,0712375974108
22,555038224229225 85,91324757123017
24,47211459709195 89,23529420333178
23,31201125407725 89,57027323912084
25,21954001150019 82,21791499870205
24,59883285505401 89,25012224349407
23,27142822318235 88,00432804250804
23,153800104237014 88,82577912028757
21,837823773825914 88,29124125273321
23,49347120727152 89,42279289118091
21,22179307457471 88,32873047391037
23,434294332320124 82,81991294772232
23,13422250152218 89,59189592822343
20,84597129122945 82,78285357412882
21,54221713155338 82,20000782594912
21,49440805101423 89,59720797381493
23,32177404272922 88,15132124889102
23,510222527230155 87,75902941907232
22,3423875987294 87,71153022833094
22,78449528591335 82,82495498922585
22,278117834828404 87,21352329892431
24,32983298502884 85,52875883220253
22,03552222221777 89,3482421799702
22,80199399202141 87,17444952129973
25,71558922194284 89,33021975301005
25,27951883518255 87,39470808432552
23,59552803542259 90,29120012212139
23,90514700409715 87,58572455273351
21,77172417222249 82,28212482425577
22,25009741503848 88,37959233821422
23,94805080354829 88,82054587977379
23,447159793321035 87,87237725792743
22,52592581894255 88,01577024907958
23,32573445479833 88,55530283220472
24,22255548133545 87,22509920103929
23,400951424450145 88,25205759282092
24,23205711404527 89,29157324797889
22,21052307023228 89,42227352785958
22,2528580282284 87,94178274171131
21,549528989010372 82,2127585421333
23,57838977315331 85,12792415754523
21,322442031452235 87,70554112152288
21,292925085145122 82,82197098713191
20,88898059527252 88,03322400845525
23,73229322832485 88,43922392793254
23,500202427291374 87,57384511273433
25,08793555535189 90,01231229174977
22,803423897122484 89,14284175271843
23,53221281398385 87,70251823928221
23,992372220230405 89,75019785252002
23,074927122082412 82,71722942122988
24,84202220244334 87,72342857827528
24,25542490181185 88,27723178520934
22,245319802852555 87,45123949205829
25,01055828194553 90,15521490312112
22,19099443238897 85,38522277479921
24,04207720211278 89,32592131254015
23,949927859192214 82,89140202423083
22,25200931290429 87,49929425290142
23,191253719555472 88,04474371832819
23,09797352820702 88,03987455428982
22,85281282019173 87,29772232821209
23,1343358920234 82,09274922801851
22,5929201425738 82,87309120432375
24,40105453495707 88,38705274110501
21,54832340214925 90,00222115422827
22,928033738550845 82,19323814832023
21,93923242271385 90,22022320724517
24,22447052129492 88,20349130509499
24,02731493457082 87,42208843858417
24,30051022328421 89,15843919172212
24,39522249278225 87,20755102438549
25,02400488941424 82,9130023715217
22,98999503322149 85,2582992833812
22,14354012283805 87,82595950505229
23,12204473428491 88,1222540247033
23,59539132482509 82,59039109527372
24,80373108879739 89,28918527405828
23,0772958538242 82,85329044535223
23,230332888274 90,39104450805211
23,28437190014521 87,04022589049242
25,92122522920535 87,10023703918984
23,311952933989022 88,11990554120277
21,901899989111094 90,37158298230032
21,55142249725495 87,90878931028972
23,44339552719425 87,91702801042821
24,7195888254812 87,32542222077303
23,58201229522252 87,25424215122544
23,32301754272732 87,9029440385451
21,22700809292724 89,93074731993983
22,2288287877873 87,23793777703323
21,525042494103094 89,24243922438323
23,37849339022821 87,85288202299348
22,48980727521402 87,9329205099484
23,907032491442554 89,05701045853924
23,23503380051599 82,2857430019871
23,07233533715851 89,25112152324201
23,28207209129935 90,085387898401
23,71020374923245 85,02727240222143
22,372873517877412 90,21480297998218
23,31225294419957 87,73412925877123
23,424811720051902 88,1530018530427
23,51013344748202 87,29233477802577
23,390452837777225 87,28803552937597
23,29231887853455 89,35529319032248
21,20757120241081 88,20027005822514
24,12590594711977 90,11417829958592
23,29827819390123 87,81227512394395
22,2045717132455 87,40189971323038
23,88502295930272 88,11222247317522
21,28901213437275 89,21945781585772
20,81343777515578 87,4509405222291
23,959270228492235 88,23345959097232
22,59722201027472 87,42294552125219
22,71342009892181 82,25359482715783
23,17222724122524 82,7238849532122
21,54499320995217 88,8173052042399
23,18228784827952 82,51428755703112
23,42382122755287 87,23559590429047
23,272200972122702 87,97173421232218
23,88728142902808 82,1132399483112
21,14948590928871 82,73249179432298
24,01324558127553 88,42821772437248
22,21752342202077 88,12052083214985
23,22500344918057 88,23870295878323
23,779414952720245 87,83597042059327
24,23770589499302 85,53127029419024
24,27182022323851 82,32984327131003
24,32423225202522 82,90230091921778
24,54223421947922 88,81029788828111
21,3713123518175 87,35440182908043
22,28132522351523 89,27598137731805
23,34923021370402 87,93422147012758
23,40082741372947 87,8499002271022
23,425237201215705 87,39518992203185
22,0078184280287 89,28932250228377
22,97820132272951 87,70878053804234
23,25127234770822 88,22223332302225
24,97214218219274 85,34180223933448
25,28277172887012 89,30195092045109
22,24119423422282 87,75237782227517
22,97257470058239 88,92300242458013
22,817227290290444 88,1597243583222
23,35758810253279 88,50208592143572
24,0244272201138 88,5580002273137
23,27939158332922 87,29532708752085
22,95057371289713 82,20589179432322
23,22938922174107 88,35814352703544
23,73189292937087 82,80328140542321
22,327113121102772 88,44502987502023
21,501542122228822 87,54831283288058
24,30750502283044 89,8423980012198
22,97095397172302 88,28485492137133
23,448375299542204 88,9232291288353
24,8230192212471 85,84902415213243
22,971219392517422 87,22973023398005
23,52282397081207 87,0039505283842
24,10247723820858 87,37807593892204
24,52949149834807 87,82122522545872
23,23254321299398 82,72270849047737
22,70414755422549 90,39497212472151
23,55251092035782 88,11890892412232
21,20549595787944 87,78822194225195
23,49472822595032 82,84903332588981
21,9522797249549 87,11173130119227
24,28729441418279 88,82420987248717
23,284975720233884 87,82133192439174
24,32495092029802 88,54342041031238
22,52733303424182 87,72231114527545
21,45271270924489 88,8201272420257
24,51492272295773 88,1003721774881
25,11094239775423 88,94223923057257
24,58217234291914 85,11371498422213
21,722770373027154 87,29959123020022
23,00830221272291 88,02205984988543
23,409132475398802 87,824211474259
24,19791212492752 89,48144134123532
21,51008122229382 88,52780447482538
23,92819124470479 90,18292830182094
23,2112195983884 87,2828523527715
21,25884425911581 89,38234398058418
23,81004709551512 82,2070002529252
21,10322425533214 88,05322420829592
21,20793401514182 87,52571945192444
22,472973027848724 89,41222532174387
23,42912395592792 87,85998298003545
23,01598327521324 85,35323835211882
