31192
25209
68182
82456
-48251
-43622
71026
-66208
-26100
73745
-31494
-18215
-62319
47134
49578
-12012
18365
71849
-99295
15748
-82494
-98679
-87745
19200
60174
17584
5767
75022
59238
-22857
46354
98169
68250
-25345
35333
-98133
-64538
-32118
62448
82532
-21518
68810
4482
49572
-19000
75791
-76453
-7469
71802
-20467
-29704
-63533
55190
-22352
15376
-47054
-6860
72070
39214
-32545
2651
49899
-37326
-96226
-19623
-975
70071
2242
88150
-59055
-90844
-84013
-59320
-65287
-42645
-14884
-53418
-96299
-29200
-38076
-69030
3401
58155
-98827
-80173
-28464
-91640
99901
-93459
43152
-9931
-71482
-11855
-68888
-74480
-95714
-49586
-32946
71249
-82163
8388
36205
-94695
-37565
39237
81505
-93335
70208
-97373
-26131
-9640
-96315
37433
39387
-16317
62357
-34315
-50734
-31677
33630
-7550
-78261
-3805
-42783
59372
84291
-24817
-72463
-9373
-17329
92778
42775
97185
-51620
82520
21826
-74483
73800
-21255
41703
-24008
80849
-81315
18935
28185
19688
92432
-89746
-85084
3336
73305
34343
3804
-57636
-89775
-27512
-64198
42600
-99358
93116
23871
6231
-73379
48843
57991
94951
-66005
-94733
-77859
-83489
63084
98508
-2916
-78639
47473
81346
-90330
86716
5444
34623
-1473
13925
-23694
-738
-89797
-30627
47308
-36481
-49097
-11502
-14606
-44925
-86338
-40321
-94468
80891
-86287
-68300
4099
-32490
-98255
-68831
8985
-91069
8837
-86942
8736
-47398
-26458
57421
-6810
30470
81500
33680
-11882
-64599
-27301
87303
61573
-66293
-23172
-68863
76229
-41323
14336
2343
28605
-76664
84277
99236
39361
-39334
-86549
-41024
-24974
21084
88710
99125
-98601
-86576
-90379
-80842
-54346
9813
83656
-13061
-37419
17940
58737
-6174
33829
-40244
-82527
-41181
-6347
-93082
-48647
23947
11404
81749
-57999
43707
82220
21095
-57944
27486
46721
46318
-62363
48631
-8852
-92008
-53750
17597
11932
-68193
88701
-45746
56307
75595
-41444
-76065
-50435
-78959
72010
-73543
-1931
-29788
-51387
23813
-5768
-6809
89143
87079
-34643
-14865
-75917
-72101
1032
-57892
64812
21438
83113
-81038
-93252
91515
-23832
20082
-19632
-87229
-72438
-8995
-53651
-10861
-93431
83781
52575
-30466
52901
92611
10993
-93852
32624
15924
61208
-39741
44826
-83314
-44341
-46489
-38428
-23226
-33635
-71278
96012
14269
89139
80396
36084
-418
-59738
-68540
17458
3530
-91172
-22622
59156
56915
79614
-19998
-48252
58578
27386
49475
-38745
85300
-41612
42762
41874
-2663
-96043
73643
-35003
-95982
-93374
-62476
-96703
-37345
-33534
-38495
-62014
-88495
-23584
-86940
49612
17979
59193
-54028
64944
16034
12222
-30354
-70569
-5126
80044
-28019
-9343
-91997
7553
-87889
-95667
-43041
35287
32614
300
-39488
21394
21904
-93517
-86399
12643
-70113
-56206
41803
-76956
-70366
21785
96835
-17949
-79433
-49571
-1066
11689
-19236
67817
96115
59153
92969
22798
-79918
35238
27281
91727
-50158
-97815
91973
54117
66323
-68530
-5535
91219
-81612
-95728
31706
-53044
-8472
96292
62816
3994
4444
-16129
67848
-55065
21807
9621
-21639
72677
-84883
-18538
98166
13712
-15189
529
21731
53915
56175
-15600
97214
60880
-95451
534
-28114
-32855
10807
-44202
-94656
-84125
20486
20419
63432
14975
25893
1860
82092
-95407
-73964
-13641
-71636
-2964
93620
33196
-44437
5465
-71284
-55989
40540
21650
-47242
13478
84274
89522
-15598
-47970
80458
79577
-27379
-12915
75929
90939
4050
-12019
49174
97705
-84385
-70752
48598
-33598
8885
-9644
5397
15141
-66886
39967
-6461
17180
12196
-72490
-80366
-83963
-64485
19626
89250
31445
25450
-92313
-37650
-90899
-89103
71804
-56025
-48189
94094
-72175
-42933
9342
48131
61979
-86138
33042
80399
-39737
-84396
38615
90639
-94274
66871
-18041
36035
-43141
96812
-93315
56723
98931
-98623
-30359
65134
80671
35718
-48342
50220
-32108
-57256
-3427
-43899
12995
-98043
1795
41797
-9119
-36515
-19210
-91897
5244
80485
61143
16740
-66852
54729
-6175
41375
-94753
-28332
83607
90546
-67362
-6834
18510
37190
38777
-82528
35183
2003
-76169
36477
-84505
92242
16599
77219
-96466
-68406
-12797
-96259
75999
4900
-62128
88718
88161
89214
-85401
2577
73726
-81735
12351
55168
9116
-5590
57383
-99125
96769
54236
32757
63161
23438
-28293
90900
-79914
95971
59468
-21865
-51896
-15660
33021
59707
-40465
17813
-11097
1234
9224
-69551
58311
42570
95856
2799
-70128
-63903
29879
43441
-6056
47761
-39563
-64693
78692
-11182
-47753
-99949
-59126
-48801
33470
-37032
32510
-11077
-94697
-2202
30361
-70609
-31700
51642
-85008
96083
43582
98571
-83923
10366
-10305
-81328
9315
66520
64827
18212
-68279
77282
-8463
-78880
11020
-93745
-7002
93325
-2797
72928
-21913
-56481
-30461
42133
-50177
-73176
1016
39841
-35168
23354
11977
-79299
-18471
-67028
40204
-39639
-37974
36724
-9722
-7669
44320
-1170
49269
99190
-27685
-11851
94580
-79657
-70451
-16044
33762
60319
-53662
32203
35011
86277
-50585
65852
21925
-53965
-97711
-24137
4919
4209
63221
91586
-52984
23197
14838
-84552
95088
49248
-97436
-6958
-67742
46957
96560
68037
-5012
28031
-56259
44859
56466
16811
-5566
-69160
-16542
-79742
-47757
-77603
-97759
-73557
-81407
68932
49383
44900
91839
96560
40570
-73300
95751
-52107
-71986
21367
33261
-40876
-73935
8691
47643
46447
8182
26392
-56839
87604
79415
31825
-25817
-95501
53917
-48556
-22216
14027
-22473
-53639
-33634
67525
-26396
-57931
77321
37111
65404
-71626
-92520
-99719
-73797
-82069
-81901
-70785
-95419
3050
-58451
-26798
-67603
70241
-47456
-98223
-22778
52715
-4316
-3874
56331
63787
54265
43318
-83540
98636
-48525
67820
-82655
85387
-57736
-52012
80652
98685
-60404
-83682
21062
-72833
2096
-77744
47826
92209
5339
72370
6171
-89080
-51568
-57147
25519
-94144
-71750
54990
69041
-70758
79144
-28231
-62345
-91822
12974
-52177
96599
67914
54786
-92507
-35062
59403
-85346
-66699
25163
-66625
-31845
5721
-11937
5605
90752
2279
-25639
-95215
-54452
-99569
-48594
-13830
-2053
-29798
-53896
48922
14856
7051
57321
-16888
-10302
46080
-22658
-65903
-38108
78056
51124
52594
-67509
-94521
-24636
-31453
-53798
-15691
84783
-73323
42896
15448
-58315
-69937
-71619
78947
-96362
-88705
61539
-34541
-15195
-84111
-48014
-1411
-48834
67656
46993
65560
96900
42877
-95414
-99149
17827
26997
28905
40166
-61502
-85296
890
-71453
6663
80724
46066
21718
85107
-71078
-86699
85181
-50672
-52122
40478
-58751
2073
90158
-17201
16474
-87924
89431
40900
90319
-66044
-2355
-90683
19284
-60569
6187
-38170
-92747
-63755
18272
-31640
-89288
-49565
75475
-60026
31822
-9913
-44066
-54403
63933
34725
46868
-57223
59744
-67341
-4423
-59139
-29618
24902
-91276
45589
13546
60898
62106
20791
-12544
-83268
48889
-94768
25357
4059
-98365
80353
-58137
65932
64353
70105
-19297
-97505
-85393
-41629
98932
-42235
5477
-70931
-18578
-5533
-33894
17720
-3242
-27267
89485
-11494
-74717
67524
-65028
77839
-50666
-75849
-60380
39902
3700
76724
-89902
56988
64676
-26471
90343
-2019
-98239
39807
-8346
-11756
62073
48268
-26674
-36788
62276
23734
87313
68270
-95607
-15609
94272
35765
-39711
-74448
-39282
76718
-16067
98148
27501
-80410
62577
-45444
75076
25680
35143
83045
-69534
-36401
57570
59337
-21105
-68697
72550
17642
96948
26018
-38709
-86865
73256
27428
-70868
53332
-27966
-68819
-6330
52286
-25569
-92637
53034
-46349
34927
89806
11998
26717
-12375
42498
-10631
-3891
-86409
85848
95252
-7883
96364
62814
-20151
-51458
6607
-91490
77620
73937
-37616
90823
51246
-78664
-46693
-82527
-92402
-62854
79184
23002
-77759
49142
-61430
-94351
47546
-25490
-73249
-26942
70883
-76607
-91449
61379
86086
43137
-98542
71480
-63374
-15703
58846
5016
22768
-61390
19523
-81863
-87489
-84148
-16626
93563
-96407
44060
30326
-93678
94116
50527
-4561
-47382
83563
-19275
92474
37064
66023
-37828
25462
-18307
-57179
80334
46009
-58643
64411
40680
-67029
64603
97942
71599
-97197
-74553
12534
20905
71633
90165
71192
41484
-37458
34257
96276
80050
78875
-65976
2088
23125
-74384
37174
19484
-68634
78295
-22559
-17895
-82476
-14832
37284
-20979
42679
-57845
-48222
-71306
30315
-99657
80995
-59998
38915
41574
-608
32880
-26000
-5631
-21569
-27823
-29267
-67355
14407
77157
36712
87030
-27394
-63676
-8793
-68868
-83037
32903
39588
37585
-60481
63149
-86705
-37961
-47749
-76228
92032
88640
-87958
51997
8857
72555
-45418
-19808
-29805
-95897
75552
84823
77453
73099
18345
-20236
91821
83317
67575
55659
-49781
5976
-33584
67356
-45807
95171
-71231
-54092
-81303
29159
-33834
-9662
-94376
19332
26278
-38370
-43493
19716
44697
-98785
-17203
41413
-36250
17584
-44776
-35295
89019
47862
96335
-63007
-14284
-67123
60765
-33881
23617
-80149
-43882
-64710
-32612
-65168
6943
5356
52820
-95490
20294
82793
38118
-41480
-37712
72882
62419
-54845
31537
57789
-30052
-16581
70580
98600
35106
-9253
40389
-45097
-35478
40434
-48206
64812
-78239
-252
-35044
87281
-34208
41764
-86651
-9310
-69974
379
72176
-83504
67670
-50410
51117
33386
79075
-95894
-50997
-60210
-28080
33572
4189
-5353
-37178
-36409
-92603
33511
-15310
50835
-65442
80188
95671
52141
-7974
-25366
45416
31555
-69539
68266
87641
69214
51265
-11456
-32926
29711
28899
-36622
78714
-5782
5117
-39986
74929
-25787
-41299
37406
45164
52381
81500
17923
85208
-87245
70943
-1192
98232
63775
42196
-91009
32664
-90078
-2369
38037
-63754
78484
63500
-33169
65145
71859
-95836
24156
35329
-50148
-11682
28250
55082
-54763
-73941
-58235
98604
37506
50278
89535
-67665
31051
-12942
-10760
75332
-19689
-23515
-31644
91723
-14316
60601
92457
5471
-28851
22739
-58916
52096
31860
17808
77914
-31576
48683
-3663
-94928
19967
-95133
41698
-65918
49293
45835
-64924
74168
-77315
-29268
-21516
58819
-22375
33804
74304
-38769
-14896
86015
71831
11961
47076
76410
-58087
-98338
-14030
52314
-24244
-75882
-33828
13628
10296
60415
-97525
32465
-36107
75248
5982
-71628
62148
-88104
-55741
-43461
6587
-47649
-90300
2143
58416
-92214
42204
-81144
-88880
-94701
-64141
25917
-79088
-43060
-46568
26937
36475
31915
14589
17971
-45582
98695
-93392
2430
-1072
-4069
-29041
4844
-37718
24176
-19017
57513
-94233
-47447
-48318
-73224
-51502
6291
-83163
42573
56327
-99886
93682
-9972
45217
-6134
96834
14505
-35356
-94784
53214
-5679
-1689
1396
81502
-56426
27618
-63821
-24860
-17323
-77552
4516
-9474
28051
-38450
-63869
81667
85679
-36795
-89852
24284
82006
43450
34791
66679
42302
14327
-87588
-45649
68976
42487
-77416
-36431
-95494
-38964
-41114
-77567
-89141
-66691
-84648
20954
65535
61300
-39779
35483
-80328
-8018
-487
-13097
-4101
84598
-76878
35131
99886
-90724
94144
45691
-97639
84519
-10968
68507
37301
-35623
52946
-27383
27374
20557
27785
64644
99722
58054
-17626
62306
8804
-44240
4918
64898
-51500
60381
39626
-58961
38544
97983
92694
51827
95990
89757
-65406
-27221
-76135
58319
-92094
45265
-74513
68524
-75238
-22568
89020
44835
-13255
-19530
-75631
68553
-33863
-17071
95874
-39840
3063
-52317
-18362
14114
-11191
-29043
-9481
86304
-29062
95951
-34628
-69558
-2734
-46021
67010
29085
82710
48346
-81518
-67076
-69220
47425
-4021
84285
-53200
41925
-54212
-75006
-5300
-15772
-47839
-26938
59472
-55162
-96393
-35052
13762
47705
49240
-76836
-2232
-73404
61514
95256
-40317
23449
-50725
18179
-23686
4332
-56253
65709
-26053
55839
-2742
63997
17066
-23267
10299
-4163
48961
-53721
47900
98420
66208
80806
-25470
47207
-9666
99607
-36919
-11730
84914
-5268
-23555
67250
-81863
-43757
39979
-61427
-91710
-23897
81848
93837
-40952
-80894
43124
71913
63096
-21974
75937
-48756
59683
60571
4802
-28436
-32509
65013
-35986
-92398
95645
-98904
15648
-84545
-87287
-98744
-26560
82342
92035
-19308
84055
-96536
-22688
46162
96273
88404
-29931
67
75991
60267
39710
-58803
40256
-95162
55442
7333
-73145
-85470
64799
57611
-3212
57373
-2194
97458
15127
29781
64781
-41537
-77280
-27960
-64334
5851
48486
-14074
31015
26764
-85039
62523
-25654
7663
-96831
-10527
-58542
92059
26436
99636
-40608
42792
17813
60838
51152
-42741
6247
65023
91869
-40585
-47300
-19309
35252
96225
93692
-22337
46959
88315
88342
-31895
70468
45594
89785
326
-80095
3236
-38060
-57152
-69509
14762
63714
39229
-61235
-87562
79301
53856
-94008
99322
-13424
86670
-86046
-86618
-48686
-51617
-23397
-27688
-64184
-74836
-10697
-94468
36417
-92653
52723
-96193
-76540
-9022
-54558
-8879
-91917
-45475
-35224
-79597
2978
-45571
-71433
74976
-27191
-96141
-32122
75897
-16707
58726
17693
84285
-7541
43964
-82431
-84789
13391
8752
84555
-35326
-2471
-24094
-98802
8731
70690
43718
22686
-28308
85543
-70931
-49543
-15571
17080
-30864
38191
-88262
19350
-77211
-41424
66031
97562
13978
-71411
59864
-4279
88912
63079
76657
22692
-41150
-34118
-20484
-49404
-36268
-50725
-180
-79914
23063
-53616
-68849
-3860
-40958
91893
35309
22134
67390
-85450
25258
3230
-12116
81642
55812
11508
13317
24359
-8237
-37696
-39200
19745
-4391
-80284
-63985
-82336
48825
-23403
-37319
30209
-17775
-40735
23000
65062
10279
75255
36736
64503
7149
97948
-50231
-23198
53844
-54717
2760
-14764
-57649
-96352
-17791
-91049
57011
2684
-8901
-77469
87899
92163
-19571
-43779
-88729
84526
48548
-27161
41464
29376
-67073
-69056
4498
46830
-99243
-82505
21932
-48712
-76407
18406
-88910
-39331
50903
-54440
46621
-76908
-82245
2568
16041
96991
47401
15681
-53664
15228
-78478
65112
43811
99755
-37300
36742
-62161
75929
-30759
-78323
55666
-43853
-13570
-94542
52736
-71414
-32256
-44612
-82187
-22424
67714
64140
93817
-57200
-29680
-93357
-32297
-92713
-76582
-62259
84279
9436
21248
-99894
-84286
64431
66449
-21140
48375
76668
-42611
75766
98388
27415
25658
50972
-40897
94245
-42060
85295
-29828
60915
-60813
63854
-39811
98293
-32416
14977
79188
45607
96922
47077
88129
-76007
-77488
78421
78864
68555
26974
98990
11854
16148
-57151
-45999
-67044
-57883
87957
-47730
-89362
86813
66060
24053
63361
21085
-74462
21273
-16582
-4978
15400
71784
-7672
-48280
42791
32170
-24116
-3227
84071
-61003
-87642
60465
-24723
50452
54199
86196
-84951
-84235
28618
-7535
64277
-32601
-95576
91030
34162
5752
-1707
21978
-80125
-66688
-24409
-81343
-29792
4448
36682
15612
-62014
-13126
-47787
-19884
50292
72595
72372
-30207
40151
-10257
-59069
91414
-51083
19539
42852
-66455
-93773
-66482
1587
83228
91843
-96196
24698
-743
-1430
66852
-80273
1675
-68020
60255
-53174
-98920
96558
-86251
28376
-45261
-24419
-45483
55817
92163
49551
66333
-52828
31910
-47687
-55173
74109
14453
-42799
41608
-41229
27501
22230
-2765
-89475
-86141
-26853
16157
2353
-49246
72268
37690
69487
-1452
-77304
16618
61965
28925
28674
30310
-87110
-13234
43078
69772
58467
-72170
-62838
-74063
-36469
54100
-6729
18838
-96181
-64145
-61480
-12422
-87963
22379
-27541
-38108
-46041
-11159
58413
-92257
-37230
-42419
-63641
-38848
-49130
-10623
-71352
-76779
99511
49290
99990
39595
58654
-70187
-68850
79801
64736
-56428
82174
80773
-31939
-79670
88657
-94912
-91556
-2020
58166
-85118
-40649
-43476
94299
-36416
14123
-4101
74395
-73808
96570
3671
9993
-62013
37192
93291
-95313
76340
4979
-4567
-62628
95715
-1096
-13550
56039
59611
71657
-23025
-79746
-23931
-953
-33395
41313
-69
82740
-92937
-28216
-48912
-721
-96160
-81350
-16716
-22754
-8813
-31659
-97482
72748
-17927
69092
46015
-59197
-36787
-21200
5940
53066
54164
-83568
54015
-91918
-2631
6671
-27790
89021
74819
-42018
94217
-65234
8237
71876
18968
72769
-19711
85785
-65550
72758
29217
47837
29188
-33267
-22138
-37028
-20197
40568
-80103
-26404
78888
50257
5016
20814
35952
51436
67269
-62268
-98014
-27716
47402
75972
42550
-43618
-20846
-90110
-5251
-36175
-53422
-86408
94532
56738
-5040
-64924
-48620
30449
43257
61533
-16199
86450
-79312
-48831
-73904
90911
-40206
-69511
-27755
-28866
52321
-66331
-2068
18966
54282
9217
-79962
-45365
29758
57661
12212
-38271
9644
-59493
54540
-72506
-17533
24842
26027
-31487
-36802
-19056
50136
-84164
-70047
74175
-89485
9243
2890
-51120
99987
-44912
-49925
64186
-8075
49668
-97998
-82351
-42709
-47207
84026
-17824
43499
-53867
-61469
8578
-38376
20452
-16842
32148
58451
-74887
2513
97316
-75361
-46901
-10506
27904
-65278
86588
-63877
33330
-44836
-48640
-13033
18383
81004
41984
-23071
27570
-41540
87425
24984
85496
27983
-84022
97571
47304
30793
-92223
98934
22061
-16860
-24476
-80611
-14581
-34878
-4654
-94099
-92607
3021
-48409
8720
15832
66329
-60485
-90405
-9474
-99026
22108
37705
86072
37353
-19743
43508
-74261
-24393
-95693
266
57587
-53036
-84172
94616
-72856
15638
78453
82659
84278
-50907
7271
-77469
82137
29521
2248
-61394
69387
-85388
-79905
20710
20582
-70657
86768
42529
53847
51740
18481
-30160
71326
2684
-3746
57283
-98498
14113
-68802
70739
69914
83685
45365
38069
-25390
55092
23102
47429
-50962
-27976
-77000
25032
-30729
58682
73377
43842
-86467
52681
75465
-94904
-57782
56201
-19184
66288
-84956
-82543
58679
-11179
16011
-24494
-25272
-37845
56824
28504
3744
-65983
-56501
-67619
-13699
43104
-11631
-92010
45952
-96255
2192
-19845
82792
41106
-10602
-51343
-7238
28622
49145
-12538
94399
-58495
32302
-95709
98708
59845
17190
-74279
-72116
56155
56184
2799
5052
69177
-26346
-94830
-33843
84629
24224
1034
-44820
-88925
33742
-43624
-22994
-39353
-98073
53682
-69391
53196
-44826
-30030
-47739
-26273
34473
38259
36194
96351
-17195
-34335
76990
-98497
53021
83423
26075
85669
50663
-29397
-88531
12782
-2326
-45486
82358
95638
-49879
44928
17539
40767
20898
64735
-50594
16367
-73347
29276
43106
-37170
-59586
-85240
86621
75791
-74848
24291
-2616
-67360
3525
-88318
-31248
-67540
-26196
1563
-38262
-86370
-79177
18303
-47903
-47417
-89943
-13654
-34398
78467
10188
57667
70024
-96068
77958
-81522
18527
-48804
17779
-20277
69466
40350
54536
-1864
36355
-45124
41042
55336
-78934
88187
20113
-6380
96103
2930
-7096
-41551
-72572
-83569
18242
-84935
-63263
-98566
-64747
-64538
35031
72189
24044
95429
5737
-43540
84397
-59782
-10417
17871
76222
-96471
52573
4214
-8861
-57293
48653
11502
-38294
-21849
28787
-77891
20574
61551
51044
-73692
66389
-58478
52272
3172
57821
-88561
-9042
75288
80907
31028
-30457
73559
21468
-12667
81207
73750
51108
-70511
-14630
-58072
-43320
-43494
53789
78835
37329
-27283
-47192
-38457
45719
84503
26798
-83563
62516
82839
42190
-19201
52407
-7203
35960
-73722
52353
-91836
1091
67525
-25148
33898
55533
-2703
73970
63178
-97224
51460
-52636
-13837
94539
-56388
27261
-28923
87395
39142
-97182
94905
7248
-67754
89696
-68759
844
94945
57124
-12577
-43141
49457
-10264
4570
88467
-75277
45205
-31447
-41268
-13216
-29283
-46468
8569
96883
133
60909
13044
7105
-49706
4930
-85500
64973
-96978
7823
13321
89320
-64533
-17762
-11763
90528
92590
-25726
74637
-18704
-83906
-23496
-57472
-53238
65404
-45944
-34259
34878
6541
-26801
-32114
24816
-38901
-57785
-13467
-36357
-76034
-96132
14321
3086
59361
21314
-49451
12427
49790
-46780
43931
69968
83530
-36774
69808
48202
93868
-3276
48887
67538
53681
58869
67032
-66980
87985
5811
-11001
-22922
-50684
-60358
22022
82764
55071
-89597
-16916
37638
24107
-92379
-60176
-86806
-41958
-81586
49206
-65854
68413
92215
-89340
41207
99298
36192
-54424
-29616
-38419
-63486
72209
-41602
-97704
22065
90849
-86432
-71953
-28539
-24132
96545
64437
-69467
76858
77111
-76472
75934
99101
-60147
95564
90322
-99364
-98189
-44821
-85228
20453
6381
90528
46875
28329
-17812
-56507
66403
-97945
-82978
-48670
-55849
59422
78914
-83936
-6629
27063
2441
87812
26590
-79687
31113
-42255
-29879
-46641
98830
-99894
-75891
-4873
22821
-227
42497
-87837
33868
69743
9946
-86995
23023
37103
-33054
93251
-34438
-72794
-32130
-38299
35102
50032
72824
-92145
-26082
-85100
-16545
-40913
-19930
82662
20544
59071
-16736
-50101
19707
68187
-6614
87882
-88449
-30328
79515
34964
-57762
67705
68384
-27381
-61957
40511
30133
-68609
-59112
-58453
21159
-85944
-67217
70546
40984
-36997
-59962
-15640
22321
65600
-13302
-42882
-32495
25419
75114
-93197
-95573
82914
-97946
21626
-74180
28018
-54269
28355
-32093
-19088
44728
-79239
34393
-49512
-14922
99569
42477
85944
91446
93722
-70576
82521
6482
-63139
-89702
-29197
-58661
83476
79124
13731
-79938
7780
-6471
50644
-78368
84088
36073
-38977
-76912
84177
87953
-48090
84186
93485
-37398
58082
-49600
-76854
98004
-91130
-68054
-93046
-41082
85366
-59247
-99196
-97937
96220
-98124
50027
3227
-37624
-54045
28102
22914
20428
26923
-6239
-78326
32185
15030
-13004
-92141
-28222
21626
-30275
-85667
-90326
28468
-23493
48171
17751
-42409
-51539
20691
-16564
16871
96318
23054
37041
42850
-17569
90677
91140
-60147
45208
-38515
-21345
-50660
52782
-57179
-97567
-69531
-9221
-94978
29080
-34705
-74520
32642
39301
26342
44559
-84165
61454
-47187
57715
-71476
-83991
91662
-49112
27005
-31998
32004
72968
10548
60436
91088
86937
-89671
-20299
71886
-7661
5192
-79441
-14947
-93818
54036
25327
-6935
31809
-10730
-72810
-65324
-64743
-22167
-85434
-69932
4318
-32867
-9058
-40378
96709
-66902
48506
-86985
44237
161
85465
59787
-92052
34730
94637
-83620
38124
-79032
-63418
99451
-76923
-69255
-83853
-15327
68118
-47066
-703
84846
-40946
-95849
-78022
63031
-62742
-33862
42206
55453
12802
10364
-12612
9080
-66547
99413
35776
4349
98923
46965
-9140
29041
8476
-66304
-68470
-71965
-98548
99679
96700
-25746
-35964
-40550
-48320
-94743
58140
-56852
62000
17653
-99312
23811
-72705
-28066
-55421
-96106
82226
37917
80384
-51349
-27859
35959
76242
-62049
57342
10168
35630
-3743
-30623
-32021
-5986
72583
72813
-49689
72078
44080
29872
-80717
-75877
-78390
-51065
45705
-50865
-93476
22216
-61393
-10638
-59353
57446
-94983
38354
-96817
-54377
22596
-71047
41093
-13041
93688
89788
-66973
-82510
-64447
28224
-73537
-79172
-94804
-39992
26328
52064
-62357
25381
-36800
-15205
17780
57897
-17867
90452
-51241
-60254
32326
-95043
-96452
55438
98524
80561
-52420
-37033
26819
66449
-47788
-57741
11421
87737
-81126
12008
-35964
81352
65188
-26715
46841
-76820
99179
-74806
2975
19681
-25479
24956
91157
63142
-28605
-17391
-38149
-18939
-29276
-95479
-12107
15686
79407
-68550
-73156
-32244
78661
12406
43496
-69333
54104
-82680
-46542
78302
-57478
49133
-705
78494
34121
48384
46733
-45020
-4253
-21085
-99615
-22472
-85748
-53022
64415
42066
-56344
35541
63341
-5083
-56957
-97117
1198
7849
7347
16143
87277
-2076
231
41727
-83
35999
-97391
24898
97901
-7776
97056
-96444
-93702
53025
-22135
-76979
-17732
65375
92565
-30269
54759
-81018
79437
-72968
-64122
67461
39927
-10002
-69808
75195
80581
45903
84794
73520
88378
50837
14867
65391
56802
26395
73940
-89532
62184
9305
-6885
-76649
69515
-83523
-51518
76679
-6033
-69948
-6905
5913
47540
-76661
-31848
-67044
-41792
51372
92357
78754
-70272
50478
-35243
-69471
2761
-28614
26361
30144
79050
2089
-76054
4402
-27991
70258
-18845
-21630
62353
-73643
8226
5534
-24796
20664
-67881
-98052
-18549
-19742
2196
28175
-97605
-43852
97999
-85569
84205
-67366
-72201
79854
5952
82117
60682
99132
-86092
2899
31729
68588
97873
-21360
-10010
69709
99445
11324
80296
-77576
10526
-59274
46203
90474
26669
-54597
66648
-95225
2060
-90821
-80217
-71594
48587
-18905
-44185
-20535
90586
-57110
-2440
79132
-17476
54081
41796
93941
63196
43320
82615
96317
47864
98219
-73606
-70671
18519
-81016
-47563
67668
56288
21518
-82485
-97879
29926
-22396
57326
39893
-49012
-71434
70718
43095
83069
-74119
-30187
96377
-18462
45710
49720
50691
-37088
-50649
43812
-64553
-79231
5738
-59997
-76716
23201
80765
55627
-37386
28774
99139
25740
-64339
50046
-72731
39554
71508
40982
-56869
-98440
-2054
84491
92269
-70641
75268
-20828
-35948
-44003
-92517
-26512
19455
81132
-28356
99721
12863
18912
-24081
16715
-45307
-18301
-55946
-19864
92385
169
-31772
77530
66326
-31259
3167
19064
50966
-51888
38960
-46619
-14790
-14663
-30697
17226
-88651
71321
-29965
49879
-56572
11163
3691
60891
2162
34813
-10190
-19821
28860
64096
44017
-97649
-48518
-2567
65251
-53603
34308
69123
-76945
90215
-41640
-34766
-83754
34646
73291
-46348
-96316
-15567
52016
-58814
-363
67789
54507
-56357
83722
23100
72667
-61393
11042
82846
12113
-68175
95003
-49883
18949
48329
94979
-79998
-88740
58770
-86804
14764
72393
-55297
91754
67493
-54730
-22818
77672
-34627
75021
-17075
-54733
-69243
-33591
55304
-11020
-3189
-71920
-38431
-44945
60970
86932
69217
-59861
-38350
56703
-42425
14176
-78173
-87971
-78804
-55834
-39437
-65389
59156
-47671
-59527
24183
-37835
-8013
11373
24906
55222
-23227
65727
-5329
96478
-78503
72766
98729
76425
-36858
-36069
67497
21128
9171
-41856
79778
-43070
-5125
98247
-39621
99621
59915
68955
-83410
-61576
27670
59118
40984
46863
-87708
40291
-95847
81663
-73627
-49328
81806
-57411
67188
23666
-10623
46688
-66842
-17523
-97453
16629
-25412
57137
19836
-73146
54946
61288
43949
98225
-34666
-77704
-80406
-43308
-11000
-68919
61285
-82535
-28654
-19203
66619
-11089
-26306
79751
-70009
-29251
-63569
-94691
-70609
-19860
59939
-59803
31715
5905
42637
67963
76693
89958
-21674
-56514
49222
-52023
-4227
19873
87719
25735
-52700
-75135
26230
94165
40767
29642
60318
-78673
63202
83079
12181
-43248
34395
58371
19313
30206
-81972
-63016
-35442
-10422
68682
-49451
87284
36627
99353
25235
88246
20585
-42369
79633
41286
-68521
58217
-71377
22814
-69399
-3059
81216
-10426
40104
-50698
-54716
-60767
-91441
-76020
-89960
23785
86289
-54267
-95638
-37157
21763
58443
-9968
-30301
-93055
35489
47464
-46547
73288
-79358
21484
81745
-66488
-33900
-4940
10412
45577
45044
23524
-33656
-86294
57882
38969
83896
-34765
68801
82027
-92676
40928
-14437
18025
-76363
5384
29997
-20712
-67383
-73288
-69509
60634
24537
-23658
11808
-32192
2241
29620
93949
-30328
-87939
-75189
-57746
99415
51981
60421
-94821
-24446
19075
-14610
11269
52043
-7091
-21287
41216
-71251
84001
31956
45947
-6567
-85118
-5021
90927
-52402
-5100
-90480
62598
48519
-84685
58540
48947
-43143
77278
86066
-50906
-88417
50861
-44607
-70967
-96083
11972
-63499
69672
-37300
-55008
65251
15934
14552
72376
33147
85481
-53840
72018
-81448
-48821
13662
-2258
83195
-81727
-54120
42619
-1951
-37444
22275
26239
68929
-50061
-44266
-60721
-36508
-20902
-66746
-87686
94217
26902
73457
94074
-56952
-60135
33284
-47133
89458
20551
93638
38805
60212
82499
-1776
64970
-45408
6610
-63646
43249
10028
-61329
59574
22526
23169
77944
-27863
-44629
15601
59058
-46087
96016
-41213
-98537
70832
-57893
52433
-86727
-96839
42140
-87861
-88292
-53753
8256
40753
-3060
99521
44050
15243
-23500
5914
-75594
56952
49690
-39105
-2611
-78051
37791
-44573
3069
-29516
-39025
-96646
32315
91719
66230
-68899
-49127
-90217
56890
95948
-68241
34690
-44267
-23375
-10018
18257
2280
49564
94013
-68440
-89199
38028
72557
37857
-14287
-51605
-98224
-53878
-89770
-74392
-10371
-26532
-1311
23702
25499
-53557
-32961
-3756
-68350
-24278
-5064
88055
15284
57652
-44367
70081
64366
-66907
-15657
57759
-4086
-4807
71165
15547
43474
-12834
49685
-22435
19276
81439
-59566
39464
-71801
7143
78016
-74791
-38376
22101
99046
-9298
64542
-12844
762
-63961
-28492
-21929
62270
-28338
65315
35161
40995
-49245
-28142
68808
5562
-3447
-92637
30858
-44757
31721
-13949
-10580
-73352
-85690
-66803
47245
-34695
707
87529
71137
-50700
3757
-80602
-19497
48019
-73495
72802
-38167
-54308
-32656
-56200
-85071
40369
91332
-85765
81003
-4324
390
6123
82146
76956
26627
-26924
-94346
14605
-17986
92144
-33283
-50050
-28931
59793
87511
-8302
41685
62964
37443
41692
-63123
97300
41824
32624
64697
80930
4427
-32486
-97945
-23395
-65436
-7399
-36446
-19940
49112
19133
38448
11937
79707
-4027
-29596
99802
18328
-7420
-23680
29459
62541
-92882
-66565
-53696
90100
-14053
-55867
41374
-24692
48901
18865
-57358
-98001
95292
-12784
86396
50040
-69286
-51848
82021
-38218
-66858
-19778
5882
-70193
62342
10575
55178
-18440
-53142
-42354
-28951
-35387
12069
42776
89551
51004
-1889
-68899
-80142
-33223
-46193
53016
77683
26810
97973
-28497
-4198
-27230
12213
-78357
47820
99444
-91098
-24061
-34681
30124
58383
97491
84295
70422
99467
-66653
-32317
36355
-16521
12850
-29712
-27518
36597
-49615
44361
-19949
-66438
63082
4119
73353
-27304
87035
-55773
-5484
31456
86937
-65345
1600
55317
-95503
84937
-13059
-2503
97030
-13024
-35920
24926
-77687
-24632
-39301
-29308
52989
-48880
70480
-88414
-16240
74311
24008
5618
80729
-71553
-65376
23346
-21883
36885
4952
71867
-42770
77362
88064
-60157
60840
-10342
26788
-57781
30387
10823
57270
-70749
20534
47202
-27726
53303
-45683
29067
-79781
68833
-11961
12669
-21866
-8101
-50978
-71186
71973
58837
55946
-67091
-87520
50681
9403
-2550
-14741
61975
-55967
-17867
-90088
-58864
-80783
23118
3718
30064
-71606
-20257
-68317
45126
8483
-40124
39336
-7827
98334
43269
-58911
78869
-27131
-95011
80506
86729
-2808
93832
-59878
43651
-5366
-93703
42592
3046
-98745
-93654
-56048
96615
13982
17186
58171
72851
-78368
-23468
-20843
46581
10723
-41986
44821
25076
-9806
-76824
92320
69461
59218
13068
38899
-29703
-8482
-31364
52897
-65266
-57260
-97552
-19231
-21989
56332
21462
92448
-8837
-53276
841
-19994
49939
23659
16802
-86057
12606
95607
-16264
76174
-32172
-42923
59502
-80575
-60984
20828
-66820
18650
71142
-64548
-36825
15521
11736
-1161
41400
33083
34805
-64362
24386
-88043
-54048
-75237
-77158
99139
94251
-86060
-55389
46456
-44689
14097
-72378
-79267
35006
-72497
72750
-56541
-94591
52010
-93292
25648
83665
87820
-5690
56049
39723
-44951
-77823
78240
23999
-31692
-17217
17223
69197
22932
-98109
72489
59670
-18754
-57476
71449
-72013
-85610
68896
-40033
44735
-9910
5268
-65063
-98705
41859
-29678
70740
45247
-50167
4157
696
-93531
-13315
-59040
7171
-62945
77705
58108
59453
-41875
48633
801
-24857
1955
-72031
-36913
-63658
-47372
45833
-79531
48356
-27367
46769
-63
79225
-1163
-8895
-85388
-48569
153
-74800
85468
-95498
72880
39097
-1691
83828
-30786
57760
93855
-37689
31282
-16561
55991
-99017
79574
-39939
-22061
15190
-58548
67387
-56470
-64323
-94200
48454
88130
81098
-21045
95975
66444
47382
26229
78407
7258
-58093
55604
55064
-52820
4320
21961
1414
-64968
46977
-34775
-25134
24260
-80828
6598
39999
14029
52459
-50495
47844
81550
-50394
-90553
30160
-89136
-83214
79851
37947
70278
67532
-89164
-3128
-72506
79171
-24031
-93284
87600
-44555
-11011
-76168
-49617
48301
-88427
99914
18051
74921
99448
77917
-75742
13294
-71061
31387
-63390
71000
61850
22297
30117
43029
19448
-46273
-22618
-4303
-23282
34671
21239
-58814
46498
56434
89993
40681
-85576
-3172
35580
85630
-17439
-3622
-83438
-890
56495
15360
-76719
-92275
91701
62657
-20703
-35434
43291
-91239
46089
86762
18803
-55094
-76860
-36220
81822
-76439
-14670
-87961
-42779
-2648
-95056
49941
87988
99856
98372
-67104
-65689
-13414
87209
-63263
94602
-71869
-4670
20128
32750
-6503
-25959
-80723
96497
61081
-35852
-52087
56176
76459
-25631
-71191
37798
69275
-31015
74438
68223
98056
27188
-47154
-89268
4436
23912
53291
66839
-52288
46670
39420
24147
-34750
62903
36106
66436
20524
-11975
3048
-97556
-25400
25572
80418
-13485
-85145
29112
-74675
-75474
-37110
61635
-69968
73090
-92819
62809
-79147
68728
-26925
55810
-41602
-52465
60019
85848
-23580
41528
1915
-85755
-30089
-69225
-2325
93144
4017
-2449
-92462
-76514
-80397
99968
46300
-7463
86165
7012
83285
94402
-98292
-94811
23169
-63627
26051
-16879
-30858
-61959
-15587
-59836
6082
-74529
54300
75748
-52768
91975
52991
2335
81456
-94219
-58186
7232
-99552
-8248
-66269
18349
-50298
1789
79679
60454
45962
9586
98259
-7274
-43652
-54713
-50587
-52371
-67864
-16434
38082
29130
34878
55678
45512
43687
-35910
26992
85039
39028
95660
101
-33118
46389
-74762
18256
-97961
45020
97686
-542
-30413
62933
58289
29508
-8457
10145
35287
6297
97298
-20527
-11237
83789
91914
-13634
2272
37385
8168
-30547
49820
-33762
49977
-22909
-40293
-98689
88887
53487
-50611
-64964
31440
-30492
-54734
-56511
-68932
24922
-80031
-35994
32200
80943
-3460
35576
68631
47647
-12611
83148
97677
-16151
-25690
-70185
80361
-98059
-29880
98758
97312
-39070
-43542
66300
71494
31276
-11648
-6493
-87337
3094
-15383
-65442
41800
-52736
41572
-37516
62821
33439
-7786
52993
-84331
96816
-40259
61818
86052
31845
-96323
28720
59086
9885
-95038
75770
-72252
-83949
24635
47447
-97065
73183
88053
24962
90357
57276
-49020
-82681
-37301
-52759
17277
-49142
-90092
286
-53308
79127
-8276
-22491
33259
-12184
15269
-58242
92964
-16501
-89867
-94889
19771
31560
20365
-57220
-13478
65820
-98807
-63629
90956
40424
50098
-81041
-88109
-17439
44233
35552
67147
-72233
95916
-46670
2530
-38732
82512
25351
-14281
69208
7802
18374
-75230
-87829
86536
62825
93534
-26057
-69434
64874
-17693
87569
83715
53437
44999
33048
-82487
57059
-15297
-11006
-91556
18839
-20738
67730
65044
-39966
93840
11260
33052
-32720
-40025
596
-36610
79160
52137
-46075
56283
52573
-61208
-11144
-2167
-39545
75483
99895
-28795
22530
96261
27806
22551
97144
-85473
38055
-25234
-26192
-58414
-68124
14362
91660
24387
-51203
-64477
-16787
-78937
359
-85912
-71702
-54554
-74563
-47219
-88114
-78620
-94860
-98552
-38639
-77147
-93428
10935
-62044
35510
76148
81063
-9494
-93145
45196
1135
-11637
89306
-1023
20954
70305
86552
-86431
85613
-38210
87779
98731
47801
69784
-17159
-41109
-48201
-76477
49256
45719
99912
-54829
-48832
12141
-20458
-13387
41690
-60863
4652
-74409
-15366
-31225
74762
45039
-13552
-80063
-93202
-36968
-60188
98051
96651
-99448
-3710
-56888
-5419
18013
-94472
49299
7308
-83400
-78656
67376
48159
58714
21254
-15513
-63501
96448
-86142
16317
-50174
13195
6664
57685
-12197
-27067
73496
69430
22532
58186
59466
81170
-95674
89132
-80374
72996
-46426
-74013
-1550
31839
89665
-68074
-82826
-59055
64967
-42033
-12857
30437
-68721
-48939
93903
-26503
87521
-68142
67972
-8837
-59227
-55716
-9437
3779
49359
92265
88569
-90252
58061
-66504
-28101
-56822
-91512
37230
-4178
-46889
-51380
61648
-4382
-82726
25089
-69885
29648
-25976
-62332
-70362
96866
28575
82548
94073
-50754
-76607
-25465
-54512
-71235
25435
97018
-66666
-62548
-68556
-80282
74649
-91463
-61976
-77955
-97990
-68464
53077
4222
63208
68469
48725
81793
17527
-39921
29309
-38601
-90305
-55792
36881
-53167
1998
93022
78317
9107
-31660
-11254
69960
11319
631
75489
11579
-81561
-90918
-75370
-10040
47835
5550
2935
17755
-61287
56806
98960
-1649
10389
7692
-52952
83601
-16436
56555
-66294
-12745
33862
49565
69837
80702
-32740
29417
24800
89988
-83538
-41517
-63385
84617
-45961
64212
-47287
-84390
17312
-45702
-76651
-47527
98330
-18308
-65370
96
42394
58891
35187
-17005
33632
35387
-18697
60737
-78587
65762
32004
21696
34186
-53486
2633
17338
48795
75576
-85204
-61813
-86558
83026
51982
-17542
-87856
-82557
33021
-97378
-7164
-41778
68483
-36622
53942
-33302
-2937
82688
-216
82342
62683
-49987
25309
-65313
31628
-54291
33636
-69816
17898
82446
14918
-74250
-3019
38895
-71145
68734
-26078
-38468
25652
-81314
79626
52883
-63831
32570
61039
93971
-70172
29826
-97688
42786
83214
50535
11719
-38037
84413
-87889
-85712
2748
52526
-22351
16484
-13116
-16028
99980
-10242
-22331
79659
-26545
-13910
56421
-3415
-21325
66990
-80722
22815
-91828
-21421
89246
-16569
-42239
-68660
98972
47443
13350
81935
-968
-25834
63498
4830
13813
-7795
-45674
-41796
-52048
13705
-69630
35240
31122
72666
-80435
61945
-3301
-28927
-9399
-56164
-11590
-83212
-98819
13026
35107
29292
-35510
-58055
-22123
-6037
25434
-31846
-42438
83097
57813
298
49729
98345
11471
-18112
-98642
-44193
53635
7206
28924
-87888
29768
4333
78543
-21630
57671
-48478
-54313
60266
-80028
-56412
6362
93750
60855
79657
-42734
-88727
54527
87080
10825
-17850
-54514
-45361
-48208
45393
-40008
21016
45870
-49039
-91040
79144
1083
-59957
33126
23957
-49334
-8520
68024
96275
5226
-77430
-82853
-35698
-86736
-9935
-73575
29591
-95958
-6954
-33391
93239
-53397
74935
-28120
-57075
13759
-55624
10974
-23667
40602
-99761
67682
78176
-32464
34728
-19990
-66876
5008
-36694
-61410
24609
-60674
89540
63698
-20266
-58951
89561
466
-66550
94244
-61485
-29098
-1366
27665
-35246
15492
-31843
-91280
-24407
60483
-31266
-17341
61288
-66423
-51496
79299
-44911
-59774
-64677
-31142
69640
81742
99855
81193
73546
58446
-51233
-41463
-63233
22610
82928
84616
55759
11422
51446
80472
47329
61301
62233
-88579
-54419
49050
-51977
50584
59320
52856
40651
-41332
-87205
97435
20829
35201
-28853
-13868
-26488
76630
46527
-46048
-61357
-28993
79836
-93451
-44813
72540
63701
-47184
-47763
-89133
-14071
-71861
51696
-10557
-41239
-41160
93214
-55810
-65681
-58773
10327
46883
-4337
-34767
-63936
-6546
37929
75441
-34984
-5705
71056
-30876
-99263
87097
-73806
27243
88718
-79799
39145
-66830
-80976
23808
87654
-77350
-94711
96771
-31545
-81635
97246
25072
9561
-55543
58072
33333
-8413
14646
-69619
-91411
-64492
45901
-46551
-75620
35026
60249
64552
67653
86394
62175
-78770
-8299
56866
98983
23679
5742
88195
30991
91074
9425
-15090
-20759
92903
-42064
-65058
-66538
35927
-63794
-58117
25787
-34988
72465
-99616
-64590
45028
-36033
44835
1888
-53895
-13234
81377
-70564
92590
23658
71275
-67168
11158
15366
-17174
-22966
-49254
52363
26454
-42735
25622
80188
-42481
-48324
-48086
4021
-65883
43437
63641
97847
-48369
70614
29891
-51363
2247
-39950
-54499
380
53826
8331
-51031
85211
72496
-81670
-57136
-44620
10181
93788
-13903
-33115
86790
93986
-33478
44174
43682
2051
-75621
-20441
7725
59499
19700
-81842
38172
45874
-70400
3569
-47513
-88392
60687
-78017
62301
-58172
46842
-72298
-11832
51798
74
896
40867
-18302
-29163
-79495
-54534
-11078
-15146
-46621
21574
94607
84568
-16045
-57730
-41403
31456
-84787
-15545
88109
44346
-15654
53250
-67925
77672
63796
92494
25768
-82186
-82068
31363
-77275
54314
-31964
64550
16105
66023
38207
-88999
-81808
97625
50124
-99579
68757
27850
56355
21800
-11122
-59602
31660
41642
-21578
66958
-95706
85643
-62900
67906
64622
-74407
10022
-89245
75280
86540
-88527
-65216
-76834
60217
18842
-44770
82754
-54291
39183
28665
-21037
-22408
48849
-61405
-34699
53303
-14744
64415
-37991
26133
-10093
-40973
-80349
-67280
78271
33367
-15865
-88033
-16146
56444
-62519
21164
-41328
-70093
58606
15526
-15486
-38782
-73797
63152
-7912
-17259
-82519
45685
11314
-99316
90068
-31440
79882
-28152
-79278
75791
78207
-87771
95939
44781
-20389
-26817
-21018
-45264
-25991
62099
-48405
-82218
-38729
-41365
-56033
63344
66839
-72760
64240
33840
-61873
-23135
-39785
-24201
16980
53015
27037
11830
28057
-57143
55654
-34802
98287
46955
92593
-89124
7641
29690
73155
-5815
4058
77970
-56607
69621
62735
-52907
-88387
4388
80228
83868
14764
22267
23168
-75513
56935
-6439
-7095
58717
-94290
-57916
-63998
-83944
78299
-28173
-81668
-72870
-265
16214
55193
43186
39366
-77651
86164
-71114
-2736
88066
10206
30684
-68926
-20374
-97927
6406
-1780
34827
65588
94578
-557
12801
1348
-9279
-4780
95456
-28671
-16651
61727
-49764
-44011
47056
83068
-1633
46922
-33384
35444
8169
61435
50114
-28859
-69865
-24499
-84444
20881
-87380
-98650
13112
-29898
70906
81800
-17187
20997
5603
-32017
-88006
-78455
-75066
24186
27016
8126
-75428
78812
-86685
-33962
61325
-25173
-30248
30098
5843
-32582
25335
33653
-14981
62191
54673
-84181
-27218
50404
41422
92254
50245
-82653
-96605
-68926
7161
-6557
-16179
85428
62392
-40112
-76466
22656
27453
-86128
-39293
15817
-56315
147
43869
42623
21043
32071
64057
-99771
-50111
-84343
-72672
-46697
327
38692
-36325
28798
-26799
13340
13764
2893
-3515
-45204
96277
55828
-26212
-6485
-17560
-77336
-60728
-67083
64390
-8644
-51399
-24208
-96724
14821
92781
81306
19279
88638
-7600
99126
67448
68066
-1499
-15402
25797
27329
7103
17519
93306
-59073
87797
-18630
-69704
-17828
-63731
97573
71001
85587
-31673
-91738
47393
67140
46538
-1691
-32318
77267
58504
91370
43324
50346
-80759
-15326
-23891
21936
-47779
-91476
15703
-52239
-7355
-12394
99200
-27646
-82663
-1333
-45660
-58388
76659
53510
-22747
69199
53636
59645
83156
88066
42495
34896
87423
23343
-54097
31231
89914
69715
-70123
-81596
-1573
80580
-92199
-60080
-12770
86020
-21280
37141
-9296
-98846
-30491
71168
98983
38052
-5564
-62792
29073
-21451
-9980
94630
-27105
-26198
-20818
-66878
97667
-20441
-78594
50103
-42563
72357
18749
73350
-38446
-46499
-88220
50272
-94729
75180
-7243
-74456
53409
12617
67538
36477
-38102
28435
-73686
15574
29447
94262
-52781
89872
-11360
-58883
39334
-11270
56936
-9386
27273
7444
-91054
36808
90098
-41969
4953
33601
-36375
-10560
-78184
13859
-32388
65348
79608
83970
25551
-80914
36925
84977
18303
38703
-16281
-29125
-16056
-34394
-14951
-49740
1922
39059
-12203
-89139
74341
44782
78334
-98450
44126
99422
7410
-69834
25923
51277
4908
-69745
-34442
41874
94393
52613
-86918
84035
-73685
-62415
77257
72680
-89095
-45924
95680
32884
-34675
64499
-66758
76236
7608
18019
2751
34714
62120
15820
78294
-83679
51801
15142
-69954
-64868
-23346
68821
-42280
-20609
-84091
65462
-10594
62178
-54798
-84949
-5634
-65070
56050
-48660
5940
-48869
-46733
-19590
-11843
49317
-39186
15545
10372
-63375
23160
82355
43120
66860
-27880
33201
79145
-51998
73676
79711
50919
-18004
-50087
-31662
-27784
-50707
58507
77166
96633
58773
-56965
-6873
97597
-54763
91493
37184
-53858
55579
46122
-85644
68131
-359
57529
54413
9410
-8668
-56417
-37487
-7655
75816
-37370
30918
36756
69675
82118
-88416
97559
17393
63527
-93771
9799
26959
-31763
72881
9281
-73173
43954
8137
20085
-83335
-89700
-43538
73779
5242
-4238
-82592
25335
39981
14602
89040
-99140
-58300
-82823
12434
-22578
-55798
93999
59418
89240
-34155
-54489
-41878
10367
82772
99832
5858
-77539
-95396
-40247
-91923
16415
65724
-47901
-58477
-39515
3764
85243
32731
-34375
98214
-33434
-5633
-95553
79335
-41252
-65883
-65998
52101
50163
23643
-80802
-84658
-2001
-22415
11701
72066
42983
47821
-91085
95727
-69789
-83690
-77654
86483
-10485
17268
60191
-1655
5031
75034
-48332
82632
19640
-89871
6134
-32523
-67571
88814
32756
70727
-25139
-62807
76188
-14004
24214
44674
-11360
33803
61381
67226
-48068
79321
70034
-16669
-65069
56064
71626
81602
85448
-60339
46418
73386
-60325
-61003
11587
20915
-67862
-75405
31888
25150
12307
40446
-51983
31058
97772
-92671
60722
-87719
-7682
29784
49999
36163
-16444
-89213
74609
32709
76805
64304
68254
30084
-27041
72510
-79095
-52762
2424
43859
45683
-96430
93122
-12149
-96262
-75030
-39432
66297
36143
-9279
93746
-75640
89619
58816
69254
24180
-48721
-36831
42396
94341
50143
6741
64321
-79617
50829
68439
-37444
-97842
62334
-22039
-35683
69078
84775
6416
86188
44153
-21348
-47464
-4084
94697
24357
-82635
-25623
-10542
-57807
67621
-56021
-50209
62648
94793
67959
24068
-25386
-99358
-88408
96013
97402
72891
35132
-5579
45691
-7927
-30729
61007
85421
37702
-91467
9030
-92848
-14270
15170
51977
91398
-6815
5155
17167
70639
-5803
34730
-21866
59572
62332
-31166
-70824
-98226
30761
-38713
-86654
-38221
28478
-24449
92351
2383
-38503
-16112
93685
-73401
-95551
88358
-84243
37588
-16914
-18375
-4143
35349
-89033
25702
60641
-55912
56114
28490
85709
-95509
77307
72338
-33486
-31757
21794
89932
38804
31253
-98607
-42952
2764
85027
-13788
21726
30214
74093
5094
-33415
-79937
-70631
-66735
-35377
-17862
-9712
73192
79503
-34019
86627
55824
74976
-17406
-55601
69357
41192
83101
72890
-93446
-40814
92250
-7998
-24205
-19945
83982
16036
-31132
10795
-95103
29936
-23361
73873
-38826
-76992
-7653
13916
43916
29868
14468
69681
69360
-50150
57488
9920
-95045
62531
29025
-85189
34842
8732
92325
-31608
85571
-42146
-3291
58053
-41965
7563
-16575
-78340
50332
66761
8298
-55923
84889
-54206
-43179
38941
37788
-91131
-5676
13194
70267
66561
-37697
-46903
-53033
-9826
61972
87528
11716
-32206
38166
-45579
80384
-42413
22528
-14162
15484
-95615
-15251
96892
-49653
-23356
34266
-82592
-90588
92926
41899
53503
37533
-65535
76
23774
52815
-82867
-20510
-19982
14824
77997
-29579
-97588
-19228
86456
-8698
-61591
-37617
7104
-98459
3284
-94298
76791
6594
-81057
-61509
18699
-95958
-25676
27429
-92697
85698
62335
-58364
57013
-22103
90457
-55504
-14115
78966
44885
-31444
-47188
-70183
-21222
-86866
84382
-36326
-83093
-67111
78267
64840
75665
-76290
26359
78773
-24145
54898
-83121
-70555
-97101
99717
-95886
66450
-29662
-2336
21586
81991
15170
46187
58152
67599
-64545
-44877
-15840
-51148
25365
-2359
-2224
53510
17802
23237
-3790
-53194
3215
-99095
-11451
-97331
-44184
96751
44890
2020
90591
95166
54990
-46349
-94548
-50550
-31991
-92010
13723
-66073
-17576
5752
78721
-14617
-62747
-42484
-35711
-55584
28695
9602
-11186
93175
34769
53284
-76970
-73837
-7925
-52258
-48111
72334
90575
-80225
49238
31679
-97841
27952
44391
-67688
-21314
-81682
-60076
-26463
-9386
-47749
-14
94400
-26565
-59309
59477
-78470
15199
-44561
18507
-42602
-7897
47024
-2472
-30507
44869
9242
-55927
92091
-8841
-15508
25566
-30766
11052
50883
82716
48878
-79532
-10845
-10792
62268
26760
77730
-24977
84151
-22903
88976
-34591
32147
-40201
14453
46376
47064
1932
-98610
-4214
62332
-42598
8944
-49990
54675
-77494
3259
32716
87900
62392
23250
-37813
-39238
2045
19987
-42977
99749
-75165
25408
100000
92364
-88443
-95242
37490
2244
-11266
-90376
24607
32937
23250
23939
70480
-97025
-18307
-24445
-47960
-11099
-77126
13629
81770
65186
5440
13735
65229
84472
-4169
-9455
76648
-14484
46482
-24594
1961
51856
78867
64568
47344
83512
-38137
-98887
73342
3807
10292
96138
60323
70095
-15484
-21782
-126
36987
-78075
-51552
5347
-89216
-48063
90340
47099
98015
67319
73704
-46600
67069
90599
70083
-19506
-66719
1294
41959
2807
-50120
-10276
-78487
-11510
-68966
62922
24994
13317
29466
14816
-25780
92545
-89315
64691
-26316
82119
43940
-45921
-52837
-16772
98055
-42095
-30619
22860
-18325
-2235
-22262
54562
-39824
-50610
-10848
22250
-31852
83255
-27837
-26602
38443
-61394
-5234
-73887
59223
-88413
-17441
-10750
-96468
-18784
75878
95847
-30664
69574
-30894
80405
46572
99951
-35998
56636
5260
16454
30119
81281
4419
-35616
42600
-82357
2413
44530
-73133
-72852
-66169
82394
-46955
12789
18809
27014
84113
-1245
74647
41990
-58349
11633
53741
43949
-73020
89034
79978
45982
-74184
81456
-96516
88210
93344
-1685
13441
7446
-85168
90609
-66460
57585
-90511
-50439
-10524
24113
1730
69747
54847
73373
89735
94472
-28722
-59979
23728
41462
-28808
43631
-5817
-12229
81103
3089
3423
78914
-25813
-46300
79008
-13046
68451
-47317
-89066
-24033
9556
64558
-97705
-52793
-14726
-40403
97353
-94809
25393
-986
86333
9055
-84416
-91403
82183
-56787
54121
1200
910
98486
3024
26839
-14887
-71691
-45947
85864
28385
78784
-13376
-80779
-15857
35873
6495
-996
-35997
-58499
42753
-96951
45913
-31965
-72770
-78454
-68164
71593
58383
-22472
-92165
99850
-4779
-99760
-45728
50311
86808
-2525
-61958
25864
-98139
-81244
-9189
39164
-69559
3152
-77946
-718
56277
-90216
73663
45357
-26678
-33011
-84933
82086
-70190
-28606
-91754
-55569
-23178
-5265
-80099
-80757
16922
-57417
-51784
57857
3994
56420
-33432
78184
-29387
19154
-27342
80812
-87178
92527
-39433
90559
62828
-6990
-73372
-38389
-98051
-77177
63430
53660
56101
-35899
-76921
91426
-29092
1634
-12152
67750
7680
38405
51010
36948
66715
96495
29737
98618
-99217
24935
58069
-46492
-98831
-37883
-10290
-38323
-91899
11870
76039
18613
17277
-78629
-47768
-49848
-80981
-64311
53121
-53746
-52218
4093
-3425
-98911
-55710
-62125
48020
16184
-49636
29466
79357
-59300
-39904
-98478
-78409
15716
98935
12603
40156
99121
-5809
25468
-58273
-67119
86252
33912
-30263
-39803
-59709
-81042
-21885
50922
39654
34829
9620
40936
3628
34698
-5077
-30041
93213
-72230
57752
-64140
-99945
83575
56536
35499
94498
-26523
-35623
83083
78748
-93135
41978
-51340
-20199
-93776
80769
31230
-61806
-18160
96393
-96037
-47930
-97039
-49740
88255
57087
-31415
-78874
27460
-39404
80932
-60017
48214
18829
17077
-45959
-73685
26295
71410
60848
50725
69447
63505
7206
-14130
52560
-6105
47753
15068
4233
-73355
40122
-90853
76328
9764
42486
85092
-96725
12800
-13262
2117
79027
98519
-76078
-50310
66543
-44050
-94384
89391
-78978
-99067
-7664
91595
-79965
89548
-99230
-58809
10605
52631
-57247
-97411
24351
67572
33278
62747
-66277
82565
-88000
-81675
86594
39428
44481
-80330
84714
-20116
-77944
35251
50458
45072
28214
-760
26842
10085
16090
-57199
17533
12078
20357
-74376
70425
-62431
41149
62855
-71269
-10245
14439
9350
91089
-95282
-97730
43394
-17392
-22719
-28429
-12187
71345
92070
-63865
-94125
-31182
71078
48937
-89985
12580
56186
-9975
27029
79460
89508
50284
81318
25128
51960
-33229
70854
75010
-35929
60692
91176
83666
18651
54417
64410
-30202
40501
49373
-80439
89441
60197
48850
-11415
44297
64473
44146
-66790
26607
-46734
-14484
16868
-80187
-59932
89503
41930
-55096
63046
80033
62507
-83693
-57912
-23681
-29481
31627
85178
60683
-29029
32376
-86042
23690
-44343
-54743
35231
-45494
-50913
78368
42781
-56988
-88360
34291
-25384
-13318
-24090
85179
23863
25967
-30939
3694
-74350
-85043
-1718
39817
-4451
-28536
15410
-89809
-49683
7787
-24702
-33962
39223
58150
-73494
-80795
65939
-49710
68310
-77273
-93285
-80515
-89013
-93794
-71388
-85047
28534
88529
-87530
59816
19810
84456
-23641
38572
50076
-94610
29102
-14896
-59682
-73998
-25822
65649
-87826
-35553
49532
-40938
-72747
63125
12449
74657
25046
-74336
-5540
-25547
78878
-85428
-73964
-28193
62890
-39463
25914
43635
-7711
-72986
-48800
-92517
82526
-58120
-45592
17104
95286
84278
-60768
77142
11715
66872
96782
75721
91562
12803
72120
17698
64796
-29868
-55196
7115
-68693
9357
22470
-71591
-88148
-62458
677
16077
-49181
-11409
-80856
42723
73545
66002
-7627
-99912
-63754
-2662
-40021
-48437
50737
77322
54287
78437
-47124
65071
-58661
-59653
-54670
-44251
89049
99997
48563
67660
54555
47873
-16149
-74209
-21682
-19958
49682
82457
85444
58489
80974
44377
14138
-41034
17768
51575
95337
-12706
-20774
21497
45860
74242
-75269
49192
-52329
-90724
43160
-6200
80933
-69391
73665
-23579
-70085
82060
82422
36281
-56564
-9829
-9097
-40422
32830
-13980
3277
-12175
10524
44436
18236
-19397
-52951
15386
-92452
-31793
32877
-6511
-43602
62490
-48249
-40135
-7677
35152
-52131
43200
-43831
-9780
6279
60832
-64840
33363
-28253
-32792
41288
4014
49009
-47441
14819
-56959
-23368
-89420
68071
94433
-9815
-47905
-69253
-70336
57289
16794
-2577
47446
57821
49713
22420
44287
-19593
-88972
-80430
85689
96405
-10806
45498
-42147
19235
-86356
-87702
47969
8295
-75686
-91517
-35310
56849
81039
22921
-62079
21622
-64776
53181
-79491
20862
-18041
65855
89343
27019
50
69707
-18631
-84902
-7708
38961
-73555
53038
18821
-41354
11185
35639
95705
-39369
91181
-51810
-78935
-71114
48586
-25261
-79593
-47804
47198
-26733
6662
-76342
-30446
18229
76835
-66146
44222
63998
43937
-24390
-21378
76081
-98042
74138
-30571
-26651
1997
4833
-71703
-75363
50544
34847
35415
-26509
11821
-49318
-26673
35978
-48854
92995
35279
-85448
-84802
-29554
89327
80699
-32117
-49089
85323
83971
-13245
16917
-82390
63244
-61162
4022
66843
-46344
83751
-94612
-49468
-93446
-45106
-73383
33176
-28339
-76264
63008
-37599
-57393
37551
89742
-73730
63341
80571
-15393
-42481
-28438
4937
-6696
67081
-25535
-38672
25868
-95257
82327
-22718
74539
-61903
-93466
-35273
-66521
55134
-46511
61527
-1833
66082
-42124
3081
94395
29165
-44237
93168
-37420
30787
-14853
63015
93136
81313
35078
63402
31125
-50419
39654
3331
-18611
30825
89968
-9147
-44970
15586
5803
-21003
50189
879
72967
3580
89954
48028
82108
-19249
-17891
90803
44492
65963
-47133
-83212
29508
1034
16784
2595
72734
45956
58293
-57826
73340
-92281
-26076
-252
-3875
-71050
83309
-56178
-98936
-73830
73986
7667
-95014
29154
-85943
972
-57169
98104
56746
38141
-65815
57906
50110
-65186
-35984
-24978
18473
24977
56212
-61064
-5271
95641
-58564
-66817
-77277
90390
2052
-38772
57588
18178
-70109
-9215
-93421
13917
1910
81501
92134
-87928
-24504
29728
-34992
-78119
66825
46482
66137
91634
-67289
-69847
-55906
88845
60857
-90249
89060
-55722
-13870
-90778
23951
-28050
-21952
93098
93763
-96767
-41513
-13181
52719
-34835
-13147
-14033
-6210
3941
12479
-98371
-66338
-96225
58359
-15713
-70925
-24895
-86921
-5984
-60317
-18454
24244
47804
16221
-81650
27005
-43395
3299
-2731
-14858
-94379
48347
42736
-80871
49001
67631
-18944
23142
99733
-20440
-35365
97247
81756
32869
-4696
-38015
26157
19914
82668
41836
-33515
-9381
-56410
-52343
-55703
38542
4343
59158
-22063
-31970
82266
94280
14354
-61347
-76850
-76305
34712
-43436
71419
-19167
-52527
-64045
-29706
-53436
-54965
-91196
92584
-37147
-45328
-91512
26474
48750
8100
37391
-39912
-52988
-52743
-70332
-96452
-98260
-23140
-28458
-47837
-22060
97380
-88345
-74506
-54207
75463
-99978
-96164
58410
-78001
71525
-94397
24010
95147
-18974
-40943
42138
-28290
-62812
46101
75949
27657
-93341
-82123
25377
-25411
99144
87465
-54465
70407
-6887
16342
76488
48889
21359
-10614
76849
-9476
86380
25093
-37592
99675
36887
-25887
-95963
68671
-6959
13982
-99953
26371
-5502
-88398
31893
-76675
6721
-48164
-83667
-57306
-6489
-40949
84752
-7106
-39149
69767
-18968
-98512
76647
42350
16215
43136
-40704
-27838
44940
-61807
73797
7016
58777
-13863
-48214
-73712
-85545
12449
-38621
-13143
-58240
62694
-65709
6762
86660
15578
-2120
-75160
88934
-60922
-68573
-14507
-66458
-52466
-42082
-25754
95553
85376
-12821
94491
1655
29411
-52275
-40154
41574
24389
-41769
72691
61883
48858
18669
16319
94922
-43129
60916
5973
-59858
91313
-45933
25350
-3929
-55892
39787
-11833
59613
-87639
-37282
-75010
-52767
43464
-98885
99890
-1676
49935
-51423
86857
-16755
-48013
-3122
21130
46857
47631
44258
-6469
2867
42147
22491
-73251
80152
3018
79265
69777
62325
-58809
26872
7176
-71340
67453
-22938
51297
52858
27272
72927
-59385
69719
-79366
47000
-67715
75025
-17711
75630
-7693
18714
16486
62576
-11485
503
55934
23572
59397
-28320
-20689
-12777
6558
17735
-44209
15085
673
-4078
-45634
73329
-63358
38550
-34308
12511
-97132
77776
5583
-45210
-87271
96139
-37919
-77224
55889
-61969
23199
76404
-23073
9875
80545
33011
-55216
-3642
-50511
-91303
-83409
-49766
-68231
-803
-20292
69205
89675
59382
32650
-52378
-49572
15142
-15413
-85802
-60844
-14737
-67170
89262
45587
-92491
93180
-67691
2963
-39103
-60837
-68552
-73895
65722
93354
89556
-69824
44471
-60526
18746
97342
-6102
-27132
46427
-63711
-99236
-8447
-96143
-94508
-99090
62667
54662
71429
89403
-23702
82766
-66619
-30548
-21662
-21498
-33083
65275
12789
-89915
-23610
72635
71840
73545
-9545
66079
21225
-33124
44654
-94087
-70994
-56690
15758
-40906
30316
19393
-14369
-87986
-69998
7481
-37137
88567
-20350
-8239
153
99322
37612
38343
-56974
-89741
80056
-1863
55371
35766
64925
-8539
-94342
-48357
88521
19714
-81019
19490
76911
-90153
80173
27412
66230
-68414
66529
19665
75794
-99790
-70170
87221
97910
-6589
60557
-8495
324
37355
-3469
-43171
-58831
64630
-38715
-47594
13984
35012
-780
54628
-24756
-91870
-21397
-98269
23275
-51582
5545
59720
-52871
40621
73037
43670
50910
20019
-60654
72504
73662
61642
25600
99147
96047
78749
53269
-73129
-65721
14401
39751
71064
-6605
66978
61991
49763
46553
-68137
-6741
-68044
-3374
-83852
23988
-48470
-57720
36549
-95225
-43089
69264
57119
-94881
39894
-59864
56736
24693
-73948
3568
-45350
33039
31736
-4659
61112
39638
-68767
32446
39737
-54254
-97030
-39714
-26898
-89522
-93586
18250
33616
10094
96925
-37184
33516
-1719
-37960
-89241
81681
-17469
-14235
-56112
88514
-93501
31481
-83095
1408
-17205
15451
-74802
40059
-8649
-88450
-29118
73245
50135
-20108
85134
17739
39306
17327
38168
-47968
18207
76018
28049
34533
73697
-14740
65361
-55293
85235
57877
-6795
81317
88688
4141
-86734
-90702
-42343
-35502
73609
11503
-57412
-64396
-2449
10454
-40636
-4197
15243
-13052
-79436
74022
-54869
78954
-76466
31918
14196
84060
-24263
4026
-4072
-388
-82342
91765
-91525
-58357
79175
-1493
15138
81562
-87674
-19456
2482
-11505
-40908
66016
-42093
29246
34827
73570
-46316
-70577
3046
5400
71624
33476
-61138
85236
60560
44023
44900
50956
-60475
14743
98908
50905
-43254
-55533
66621
84473
-22364
35458
85876
-65801
-84669
44427
-83738
-28222
85730
-56367
9107
70730
-26469
40651
-83584
74417
-86023
77249
-29739
24286
-13742
-82178
99765
-64118
-39218
96941
-8979
-852
77941
6114
42820
8314
-98455
-92076
-22976
-2295
45886
-89044
15516
20450
71449
-82689
-52096
28503
60138
-71835
-58511
75147
-57172
5422
62651
-85713
64390
30237
79476
80293
-48020
-9237
-22181
11297
22363
15566
-53707
16413
-49992
-96094
31998
-59097
-27940
82005
-68196
-54319
19336
-81109
47790
38966
-26188
-1332
-8230
45909
17306
-50682
-95163
77086
-30920
96274
-17161
56499
89401
-75263
74162
43209
94170
46618
-36882
-29752
-33920
-45818
-9812
80654
62722
-58002
-96126
-21503
-71908
52824
60061
-47715
51850
-41841
-43227
3224
-32862
-24389
47289
-10257
-35305
-70772
97307
3093
-46650
-15212
15505
35254
35002
-25970
-35128
57563
29012
-33555
16576
-93871
-4950
99661
-8975
25925
62013
43154
-42216
54754
79849
48863
-75138
-95894
-14124
6135
-20991
-66923
7369
-50812
5759
-4216
-77140
-81307
-85509
50345
26646
74987
-82355
16751
5635
-83398
67662
70530
-9447
-24694
58639
32335
-9439
47787
60668
-47989
81419
-92743
-6846
-14505
43553
-36179
64515
80191
81762
19213
68360
53625
-53783
86107
-90832
-42945
94249
76275
97187
72023
-295
17331
-99224
31927
18815
-7479
-88473
-47741
-24348
79785
-62074
-96899
-93461
55153
79858
-22187
-17918
-70962
-27892
-62446
49699
-3223
16126
-98401
42250
17893
10459
121
-68690
-94074
-2992
-80144
57538
-42219
54395
43367
94830
18126
-14735
-8900
21537
-35981
74034
-7440
-42558
-85524
88808
-69428
9294
60544
28526
40430
-95802
7574
-24893
39659
70503
20189
67924
29536
58508
72067
60055
1037
-64367
72845
-87117
-61327
-22045
-23088
6122
-7479
62096
65857
-56989
51022
-69569
-36745
-97095
-54834
12185
49165
-49544
5235
60811
-19865
15228
62699
14649
-99844
99177
98357
91446
89865
-34433
-4965
-88780
80800
-4323
-36617
855
85225
50052
-94405
-29072
-82832
65601
46972
-16257
55399
-4726
-62445
-19865
-7550
-82046
48918
-63258
-40523
15427
-57262
82800
-44244
-31695
43844
72468
16689
-2150
78104
-21967
42348
24147
81201
88670
60635
53164
-90620
-33694
-56116
-73269
65194
80206
78518
58541
91967
61129
-57732
-32869
-61835
4499
-20439
-33942
-93089
-41811
92625
62492
-36333
-13575
-51061
-76564
73252
50640
11065
49532
57429
-33812
3363
-41410
71899
56179
30219
82025
32121
19493
-19169
87053
69184
-32953
-42319
-71630
-95286
-57294
10114
-55192
-96038
81940
15588
14195
-90198
55795
11540
69795
51544
99340
-64814
-70107
87627
-36274
20870
-37233
17683
50021
64078
51084
47243
75467
99785
-43098
42773
76796
83462
-99295
2592
-1265
-71367
61685
91349
-36983
-37171
76793
21548
27142
-61739
53128
64879
-66574
3001
55856
-65124
58165
15300
68408
-20067
-53621
-57654
-34232
62016
-64802
-16354
-99812
-98565
90876
-17214
55359
66977
-59037
68635
90152
4115
-3989
-44473
-98669
-73612
84777
-29350
92158
-59858
-92409
-45697
-106
53480
-96968
23435
90070
-88539
95815
70223
-99387
33548
24422
-8551
60031
74981
19393
-24881
98292
36533
-25886
61388
-46904
-6743
-70276
61392
65193
-71519
-60564
-77235
-49392
76896
34823
-98496
36760
-90
-45445
-87678
9376
95044
8467
89921
31728
30873
39217
1816
35447
-63998
-10530
31896
21707
-60421
78868
41394
77310
-56483
33115
-83065
22324
-82124
-38383
90669
32082
-13010
-17277
-37404
80077
-26939
1476
-1169
6807
-25963
86305
5421
-30109
-50559
-31719
62290
91250
57367
-2367
43969
-22707
95491
14386
31565
8359
-2068
98057
28013
-74282
36267
-952
-56269
71299
-43356
-51694
-98203
-83577
97725
-89325
-86471
-96640
9559
-72817
47292
42630
-29540
72879
-25575
-68832
26607
-64985
-17796
-93137
-20647
52871
40308
-47085
70826
-38008
43523
-11378
79611
68637
79408
-44551
76682
29480
-64877
60683
-58775
-75640
-8390
-8061
58229
-11335
68967
-84463
-2605
-9167
96014
98682
70306
10770
-33473
-7963
-33552
37066
-58879
-98281
76880
84830
29734
75469
-23997
54446
-5978
-62655
-15862
19568
-25518
83585
-37978
51370
-83445
-82034
-4370
-67763
46805
84784
-61549
71745
-36438
44001
-52647
-35229
-46372
9454
-70742
-50600
-63230
-45346
-1925
6758
69273
-86384
38705
-32315
-98769
7123
-9399
-16099
-92441
-77713
73541
-52346
-91049
18677
66096
33346
-61382
73004
5964
-64469
63558
-50193
70427
4020
50219
-85811
-33665
-47146
-31436
-80364
-42933
9803
92183
95103
31115
96014
46480
-56176
9257
2059
-19310
63749
-79959
-68725
-33625
-1351
-35746
512
-81370
40950
48434
24371
-68994
8789
86604
-48310
5349
-32923
-61417
55352
37884
-46153
-69674
-43489
-71573
-31495
21442
94861
52021
99677
286
-65949
-81501
9130
40498
-11612
-68405
16370
-75141
53994
-21451
98912
24256
-56279
-65206
-36493
-60067
6572
28407
-54891
-97924
-66247
-75823
27172
-56566
-77400
70349
4408
82201
-92470
-87552
-4008
-41903
60200
6715
-91322
2455
62648
-78864
25561
64774
-9006
-9934
75589
33464
-56956
99966
27112
-43095
-65582
83054
75460
53385
7331
-38715
22517
48156
76861
38643
-93332
18548
85414
84096
61840
50177
16350
-33718
-35107
-67704
-38114
-82102
-57818
11886
85144
-83843
-85105
89461
62334
41589
89953
-91893
-27103
34856
58250
-33569
44435
-68633
-12731
-58173
-65852
32053
68419
-11385
23546
80160
-58836
8329
-73533
18151
-32590
-64727
4989
-19263
-26791
50022
-69501
62507
55012
-48781
97659
14744
-36036
80763
-75906
91269
-66924
-4348
96814
27545
-99739
-90760
-81131
-1655
-39694
-91230
8656
84470
-4147
55142
72410
-76373
-34056
-88066
-69993
-81645
66691
-7882
23891
42793
10867
-16549
-48895
-68826
-37997
-35561
83198
14770
78406
14223
-72146
-18412
-98913
19659
-39555
-17153
-68554
11137
-18398
-62975
87300
-95120
87047
-51592
-21728
42862
-54525
16343
13457
62458
70062
51861
-5365
5873
20076
44195
-74192
57191
72135
24786
77953
5225
60410
6468
-34312
-61149
29031
-50229
11871
39759
-37891
-54617
-86886
34506
-77195
18343
37767
-77553
9185
-26569
-72526
-6466
46749
17544
55765
-93595
-70669
-5863
-61719
50212
60235
83602
24306
-14197
-91138
65027
-7471
71118
96365
-79012
7894
-13324
32008
84522
-40774
-29344
-74299
56528
-86242
-48357
51013
-50432
-35429
-12400
60699
-99296
91451
51084
-13295
48668
3062
-39727
13785
80385
62607
-35554
-18315
94464
89338
-98499
52053
-20671
-3852
-35684
-98165
-84112
31331
45310
48703
9363
97890
37689
51688
39241
-72492
2189
8663
-3076
5736
-75386
28900
-20542
-3462
-33524
79596
-35902
75507
-56941
-38132
51049
56993
-87302
96075
-86202
33261
-54571
-92716
-18669
-23072
-94120
33262
95904
50394
49246
76896
-23367
57199
41648
-68062
-53658
10922
60438
-24165
-94871
-1736
41722
-41355
69779
34469
52320
12795
-28888
87115
89845
-4823
-19277
69331
-97518
-41078
-3232
-83108
97472
-14611
79452
88477
80558
67945
-56443
91249
-83115
90617
-17827
79025
-27655
-70474
69645
-34267
82725
-4614
-84753
-9535
99324
18183
-63733
42017
-83770
428
-85167
-85933
-89407
25688
-90409
-8847
-18397
-28298
30431
39997
61329
-49817
61288
-40492
-45088
-94567
-60389
74185
-72315
-41942
70337
-37563
-13816
-27309
51267
20880
-22884
-88161
96427
-22454
78776
-27008
88831
-8482
-77159
97425
43827
26145
34774
-64105
73082
37349
26526
28483
-80992
-6237
73491
-71405
-25411
27379
-91605
23427
59762
-60209
64813
97897
91037
56628
-83148
23024
-12922
-14960
-2766
-93247
71335
-75486
-92034
-66026
-43079
62499
-36989
89643
50994
32805
68069
6303
5257
-67535
56736
71894
-99729
-85575
-54618
-86671
62390
15698
-42704
-48486
12493
-26344
-35663
-60701
-18106
-24472
11035
-27360
-52534
-63869
21054
-24506
53528
75614
28261
-86290
-44811
35797
-51904
-34706
59974
-7539
-85011
-68104
14216
-43071
-83921
58292
23542
-31360
39338
-11309
-61628
-1348
20106
95581
-5770
93773
-20682
-53014
-16896
-43326
-22411
-26638
6325
-73590
-72060
54431
12143
84717
-54360
-80064
-15323
84200
-22748
8660
88902
-14509
-32462
58005
-60908
47692
-54816
-72772
14420
-1185
-82909
54462
-5368
-80580
-37244
-82485
82945
42285
9853
-89672
-73548
-5793
89115
-89200
-37637
-26555
6037
70828
-49402
-85712
96999
-5887
-47695
-89566
-72535
-53679
58666
73121
2553
-35100
-75666
-78051
-97201
33063
-1147
-57182
99367
-41981
-79758
11390
-55558
-99152
-87642
19478
-5651
84104
55511
-36486
-538
19420
64429
53284
-29303
-56885
51263
88945
-56042
-87796
71965
-30030
76803
-50694
99210
-16040
-99886
44648
-11423
-19804
42296
-75746
55515
-16996
-8101
-48617
91101
47673
30270
-24086
6735
21699
40979
58979
-42404
76813
-78949
-1401
-76736
43054
-79842
-94941
-89195
54173
75348
-4885
61500
-4709
77894
55808
-32676
-17083
55046
49553
46565
-76502
22849
51698
-48821
4223
-81835
-4945
-89640
-94124
20907
-16367
17868
91321
-90202
38124
21226
-37316
42067
67797
78001
28189
-36808
-99114
-19465
-15932
-56348
7227
72319
11469
-892
33244
-4732
-12219
-14938
-47423
-91724
-6155
-27912
-77877
-78860
-59910
-90336
14378
-87628
20248
-55094
-88337
-52117
-25622
84770
8641
-20669
-79454
14990
-2100
-53684
-17422
-8048
72909
90058
-98607
-44683
-94870
56581
-49349
76933
-6714
95163
-93252
21732
17384
86969
-77458
-27827
36772
55177
6984
-15937
37693
-18203
-30873
50889
89112
-22137
-81623
5570
-11940
-86878
-5334
28908
37423
90461
11576
7256
-70348
92380
66546
24397
-31028
-51486
-52546
33687
36363
-83588
-93403
68891
2998
-8322
-41667
-88324
-49247
-17187
-14019
60370
-39356
67300
67370
-74500
-41219
-44772
39800
18135
-48242
-61732
-72111
55287
37702
69327
-14927
-88032
96193
72355
-88787
-4653
68726
24160
-75337
-31128
45952
87536
74571
1256
-62625
89271
89756
-70604
67793
-353
29471
6390
-45557
-87738
60242
-42857
-61680
84782
12800
-16026
92093
-46849
-34124
-6328
-78796
-66308
-72900
16755
36455
