63589
-96465
89508
90131
54516
67871
-50180
21789
-50661
-26002
-15773
18836
15112
-28613
42668
81067
65948
-97285
-19213
5010
-90824
-10686
58072
-73004
34849
91240
8598
-76867
-34957
-51907
-22524
-39460
11583
-73305
-80629
-55445
-91023
63505
99606
3292
-57948
65628
38537
23587
-72580
-27665
-15397
93230
18815
41399
-68577
44590
60085
81231
29713
56632
-18440
-83686
-52765
-66872
-71026
-43260
33227
46204
-83898
-56926
-10250
62510
-65987
31061
-29262
66980
5
89262
68519
63591
29946
-52199
-70486
-5663
21333
-63431
63855
-54689
60837
61730
58449
-73478
66330
51579
75667
10818
-75746
-65530
-89021
81565
20422
53571
8197
18000
-13923
32800
36703
23586
-30589
39773
54926
15053
-18814
17173
-64116
-1361
-37134
25000
58269
93350
45312
60339
-41270
49014
66233
-24956
-51114
35866
67516
98618
52888
96350
1219
29526
-39171
-64536
-61853
32157
31540
-67315
-3601
-61762
76436
76343
-63165
10850
35943
87308
-44133
-56054
-31188
25270
-44111
62535
29862
79917
56578
68684
-6091
-72017
-62500
-17607
19655
-10874
-25971
-60421
3501
-45265
3672
-12431
-47912
-81920
-15568
-23496
-75937
-46507
-44009
-67669
-17121
24164
23285
-3692
46457
82997
33797
49183
-93304
-4972
51046
42332
86455
-83115
-96177
79320
17662
97968
-25920
-51427
35303
-72250
-18750
-12819
93740
12028
68869
-79263
-95746
-67953
-6969
85833
46376
-1557
-24989
-53638
-27344
-59758
55127
69188
13869
27741
67378
50462
-94347
14768
-7268
-71007
-25789
30772
93070
-75182
-31778
73441
31879
45021
-97990
-64995
71830
-85060
40599
21338
-13434
54279
-43587
-9856
-32570
24011
64235
89632
-68300
58830
37012
-29342
76044
48120
95333
48479
-16598
-5125
86510
-55412
54386
-98321
48076
80178
-98993
78483
39369
-18496
-66581
-59872
78977
-99562
-56581
-81919
-40752
42239
47938
-71821
75618
60258
-14900
19651
-30984
87509
-55750
71655
44401
67003
1056
-17504
-69228
-25954
-16133
-34305
68811
47680
-14926
84543
-19833
-31054
-1324
-27387
16056
-51047
85029
-88872
-80122
67930
70646
-83087
-2757
-65053
-55419
6760
-89540
49990
38409
-48329
-34991
-27684
50571
-82948
45361
-50184
10107
50265
-80578
11646
-64347
93184
79554
-70448
18923
90093
-51076
9832
33907
-9289
-73937
70713
-93112
49885
86647
-92754
-71251
-73305
-76031
4358
-39320
-57674
62414
-9915
85836
24614
7635
-52864
29237
82920
-77152
-62914
-32400
-24439
93069
69927
70768
-64825
-76649
-84649
95705
2872
90846
96796
8833
79796
-93330
61115
-66751
47037
-39619
-37500
-95717
78435
4882
44683
-81002
-38447
6259
-89508
-63530
58939
72045
86580
-23071
84053
-19440
-45709
-53143
-47103
4618
-47601
94185
92350
65196
-83858
-24223
-51668
88453
-69891
-67463
27593
-65903
78393
5308
-42876
-85610
-15875
-55054
10797
26065
-98804
-39580
77523
20709
82501
-76969
-3760
-19403
76156
98599
31661
-943
-721
2384
43447
32325
56433
4894
-35052
15242
-22051
-93527
18762
-85503
61972
-30042
-1269
23556
-89872
90869
17399
-74815
32223
-51113
-949
-39181
70916
54030
-55401
-13581
-17483
99990
-16206
-4072
-88231
35059
-52103
25111
31773
77100
15331
-37740
-42843
20683
66800
-48813
74950
21038
-11828
36258
44896
66766
36551
-31648
-99358
7279
64588
93251
-76019
-2896
55655
48710
68677
-71351
81440
97003
-22051
-73181
31755
35509
20468
-3005
-57569
79700
-39319
-61260
47057
96630
-29206
-59009
-28052
71853
8723
89766
-3346
43802
-75119
-69017
-16305
-17614
-3867
5933
-24925
91574
-34661
-20074
68262
-4300
-44586
96554
213
-629
45296
89922
-77666
-89033
-64433
48196
80743
17005
-69981
-13212
54516
33376
-72392
-20751
36262
51049
-6785
-95904
-79623
-24519
-26775
-74871
-7172
-73470
42278
-11759
-45354
84675
24802
68887
-41550
90558
-57427
-79865
-31727
-59578
10808
-66814
72191
96775
16584
34534
36585
-33016
-7287
-90289
94732
75471
94704
13878
29987
-45267
-98528
465
-29928
-85686
86607
-79353
85738
43468
34242
-74493
-40307
62351
53335
69403
-51176
14078
-19337
-52487
21118
60949
76130
1823
-88913
97619
-45157
-45516
-13553
54859
-88020
-89591
25088
25088
97355
-85872
32967
-89285
56422
-91357
42360
-62808
51066
65579
17664
40757
65786
95872
54435
4147
-19787
-79171
-47566
-71702
85063
78838
68713
-22821
94552
-96482
-12092
47088
68787
-55737
69773
11359
28570
-46949
-74237
-25485
-71498
-12506
83361
-21008
2509
-97259
25498
94437
-46605
-83781
-35595
-62513
61785
-41758
-17026
43089
-3800
-63757
-84504
53479
-16728
90302
-12494
-97581
53440
-10170
-95945
60985
-85055
-82341
-26989
17993
-78967
69640
90715
-18931
76526
84845
38661
99790
-82742
-84120
97605
-84704
50237
99834
96777
96180
2112
-43505
-15859
67469
-46908
-50765
-51050
-73040
38729
-42249
95958
-12002
51930
94234
-2769
32207
-96289
-18737
52808
16108
60681
-98521
-61677
-60763
69328
68150
-63711
15587
25678
-95009
82233
-63657
45892
87209
-53136
81905
-27385
-9207
10311
-55316
65465
37807
12772
5112
26755
53006
42215
89282
45460
7991
-87234
38333
-62382
36781
-89315
81088
54413
-73748
5603
-82755
49465
24003
-26715
41850
-37470
67012
-93026
-9678
76253
47578
-87303
95265
-44450
62905
-20387
34165
6291
-13124
-86329
20092
-77214
23532
33428
11863
-14162
35751
-1051
71622
-12160
-27089
59261
-10325
68339
13070
-4917
95154
-46855
83877
3979
-95673
-80411
27455
-59406
-20780
95141
-51342
30819
-25026
-98941
62562
-19220
74146
-35942
-89684
-41863
-51195
73576
-25303
90661
-8485
-75437
83200
-3677
21502
92426
-91568
69443
58482
63768
-15013
62622
-2301
-37854
-2697
4266
65493
92232
25359
55868
83702
48165
-9396
70462
-73872
16544
35866
-67728
-43959
48043
17137
96974
-57895
86298
-22556
-43374
-2428
91070
-29029
-39362
39678
-73126
4229
-58882
-36720
-97057
-14448
-60398
-60261
30128
28424
25844
82299
30807
-71872
69888
-80201
-36517
84819
-81310
-11748
-4072
20933
69978
24187
-86798
89220
30309
55591
-50521
-98528
-80813
78645
-82151
-9126
74329
70146
-93134
60615
78103
-81420
25522
48430
-93868
15674
-91976
-35413
-88335
-27861
-56271
29082
9773
-12332
-3473
2309
-71350
76535
84153
-13840
76919
-66934
-78674
39921
-16710
-1654
-22090
33572
49909
-57001
44151
41746
99014
64794
-4925
-44836
39969
-66223
6754
12335
-89788
41316
-36040
-58609
71912
-54764
30039
-32317
37775
78822
54676
35258
-41877
3100
21516
-68996
-89742
-85670
-48250
-8410
90114
-93710
60532
92904
30050
9584
8368
87574
33290
89481
33570
37156
-96376
50788
44728
-45416
-58707
-5833
-49285
77551
54086
69999
-33727
70185
-65759
67017
5993
-99
-68867
77446
61649
35137
-23516
-70374
95988
54357
-82186
63058
-75247
-96502
-51130
70341
-50543
-42529
47125
-39493
-42277
57944
17734
-25212
91976
75131
-63368
84635
94529
-52656
-42436
-57868
70136
-52244
18694
-22226
-92813
-20789
88327
-22
-55769
94742
58593
42672
-23348
-37733
32591
23149
23369
-78880
-69596
-83841
21761
41280
5810
52776
16713
-1955
77111
-26643
-33986
-17675
-87499
18032
-68566
-19868
75317
-27493
-38294
21988
25848
29818
61259
16276
68545
-16123
10214
94159
-26362
44390
84077
3941
-4838
79244
-36475
-7817
-41649
97272
-26422
94485
32784
98295
38273
87233
-32830
-26206
56119
17973
-60056
-15948
-43835
-7373
43825
-46527
-10372
75905
26724
-86839
-17085
99506
60222
12605
74041
-83049
49083
-91406
14741
-40964
-63488
89726
73791
61802
-397
-4598
-32410
-93271
38220
-61901
20222
61185
88857
-71049
88056
66669
21633
61773
-31117
-90193
21377
-11000
70177
-30549
76743
-62981
-53644
-67533
50617
-70433
-3536
39890
-72456
12403
-30967
-15614
-69630
96861
-2238
76813
-67971
-55028
-64556
-24364
-70836
29289
49375
-20529
16078
-98691
-23181
45600
37024
82270
2194
-68033
-94589
77120
16305
52346
84069
-58694
-90145
14766
74380
46436
91144
76977
-34485
71343
-64697
-64059
42147
-40023
-60352
-64261
-61453
-54965
32346
48301
-98038
-32376
-64118
35384
30303
47452
14326
-6644
15603
-3919
-3859
-86240
-98541
-46928
-91090
-68224
-29891
18767
42953
32877
-63171
15959
-16832
-13534
94003
-96794
-83398
-37193
18394
21573
-48777
-77818
50190
-62989
-34292
-80947
5018
45367
99434
12561
-99299
-32324
73286
15403
31847
57889
25702
24002
36576
-73528
-61406
-30932
-85066
99363
-88939
-38186
75276
58887
-43998
-7278
71939
-64245
-1970
-71860
87728
-90566
-7468
-55847
52502
-93801
33215
76160
-42893
-4806
-21010
-21340
92940
-14504
63005
13452
4693
3812
45760
-96318
-86022
-9303
-21152
-21790
-46094
7644
22314
1398
10027
-66663
93195
96604
-52718
-3869
94214
-69351
53237
-15386
17275
-36035
-98687
30079
-5170
4203
-29933
-17093
50987
-5284
57661
51126
88820
-41809
-66288
-79652
31647
-13271
90032
51835
-25165
42354
-97706
-57587
96335
63238
-36753
-99121
21853
-30558
-88849
30925
77898
-317
9307
65649
33563
-70358
-77403
87963
-96574
-80380
-90824
-20657
-60749
-73736
-36521
-6751
-75953
-39458
83814
-2492
-3588
-93198
-50044
73313
-7378
80790
20250
-93275
65381
3530
36417
-61080
23427
32878
19033
47531
-40270
-90783
99958
53458
19288
19942
-12268
-5905
63185
-52458
-47278
-11558
99225
-28369
3110
46162
428
66173
31242
11482
-56775
-51469
-90435
94997
-61553
9866
48177
40306
65323
-45341
91432
74219
-92709
41398
-54853
-25508
-39461
-37343
-77968
1973
-12906
10218
-53137
49570
15221
15169
49002
45921
-21564
84370
36858
-4654
-50024
-61111
-6042
1007
78506
834
-45967
79769
-42942
25954
-1192
-45223
26682
-54977
-27768
49980
47345
-35744
-55587
24529
67933
290
-92792
34311
42204
-63038
-58276
-80971
29014
15399
75389
-87490
86384
-95759
-66829
14793
14691
98936
-51439
24474
62114
98758
31021
-78078
66692
49674
98932
-73666
-887
91682
-82804
-3353
34605
33176
70955
18211
-82151
66382
-8884
31480
-36538
-91340
77990
-44003
-73622
-20571
90112
-22377
58907
-14346
52326
-40905
80563
92207
-51898
-4916
21116
49131
92355
-55539
-13130
-63080
48237
-6380
-77148
37533
-49460
-64192
-13513
-16750
-13418
7951
89819
-29074
58085
-27905
-62139
91572
-6354
-92755
56401
43358
74998
-45884
34189
-24867
93522
-70389
10883
-92712
34065
-86020
25036
87404
14487
25221
38903
9021
-26976
33706
-8960
-64828
-93149
75638
1750
62226
78312
-48478
55964
-5652
60923
-79286
74724
93234
91193
20204
42709
-32979
-69667
16109
-73133
34341
-38185
-39769
-83328
84928
-97428
-44643
-9305
-57178
95276
-31704
79285
36332
75654
84173
25025
-2470
-98992
424
-18512
-52648
74847
-82124
-88922
39818
34256
84305
-13275
90212
-26973
-70890
33196
-84665
-66821
60510
30695
17952
-29760
18641
-32391
47676
99089
-72756
92273
6184
-52577
-80601
-81807
24023
-63442
-80759
79696
5761
-68744
62370
-40619
-4822
61154
41448
-13523
-18354
-10098
72805
63025
3289
-89961
-13943
-56426
75290
-88051
-76032
-22655
-84021
-35977
-54237
63693
-18646
-50259
6737
27639
-88782
-65428
-83053
92707
-25643
-5599
3097
-99599
-31936
2936
4230
78436
2862
35799
-34088
26900
13970
-36830
63882
80748
-2867
69661
-89910
-36000
-68317
47847
-47840
-25247
94486
-84505
-77211
65352
46623
-54954
52278
32946
-20562
-35606
46096
-21784
91723
-91843
99920
-96009
-68665
42315
1328
-78046
-35743
-48883
25817
-23046
59821
-24771
-13698
-64344
47241
-78021
83463
8662
-52119
30746
-15824
-44600
6059
86797
78559
19750
86331
4877
2153
-62426
-43034
-1022
-45968
24947
789
-81103
5909
79521
3927
-90983
-66895
-11792
-43713
6713
-58691
-4519
-39754
1901
28974
-45526
-33667
99255
-21223
-37129
57301
43701
82107
-84040
-44811
44207
-47634
-17275
72098
-9114
11533
91868
-74892
-98285
-58747
40462
44162
-85476
-44149
-68417
-41865
45660
-67547
-80948
74426
-97582
-22590
-4453
-22554
-40372
90544
-65295
22095
-42212
-67091
-22101
-26425
-33162
-21267
51938
18141
-30395
57269
-12576
-17039
-79291
28414
-30730
-27079
-71587
-21252
-82301
-45969
-19168
40566
-78447
12824
-54645
91279
-56105
-37350
-73739
89819
-66857
-44599
70631
-13359
-52300
97004
86234
66490
9442
5776
-85647
27656
-79015
18912
-74297
81342
10401
-79451
-78003
-31392
-46202
-99062
17127
-89743
58526
-9471
40096
46065
-94655
74431
-81429
16266
-54757
23702
58719
-81922
-845
-30345
-94466
5938
-50153
-94918
-29542
-65034
-79334
-79289
-96978
-82581
-39325
-57586
42009
63932
-80332
69319
49566
-77904
-86920
-63959
34870
49652
-36890
41795
-83459
99451
93395
-86602
60075
-88710
-73224
79986
69733
9693
49954
-49060
-77826
-71838
-64390
76711
63117
69527
53886
4413
-9049
29563
-79134
-901
-39573
-52995
-57514
-5965
26393
88845
-85536
-72835
-74953
-51525
84484
23312
-60366
-47361
-96830
36620
13726
-65320
15168
-1070
-67649
33881
27348
-95714
6961
-37593
68283
42861
-98578
23880
50256
-11422
40766
-75444
-21292
20399
43433
77555
-73807
72789
-76410
-40932
-66031
60818
-93963
64608
-54259
81192
90240
-52175
2812
67276
20947
-69728
19032
-83008
34985
-36190
-82586
-89555
-36296
12002
76496
-78501
-89662
-32653
77255
81580
-92236
86055
-12691
-23173
-70030
-32213
-52856
-91162
-84549
78397
-94166
4603
-98133
18693
-36437
-22159
13569
-35476
2480
27718
-15805
10063
-11135
-2536
-42446
18468
-43929
72048
42080
58723
-40090
1623
56522
24405
-88029
91947
-59596
-5334
43949
-19076
-19890
-16497
-45241
57339
61319
67625
47063
-35169
53273
-69612
-67820
30156
24508
14612
75322
26600
-53
-88594
-39185
23224
-81609
29050
74788
18789
-40998
98156
61864
76357
53282
-8268
-6498
76657
-71065
-79328
-52523
-72174
12172
95312
-25443
15158
26712
-86393
-54541
44651
93361
92114
-63445
24837
85086
-66475
47758
74360
29046
96105
99731
60817
-88656
-5411
80989
5118
-3066
90626
-61121
-35181
19283
-34367
79338
5297
14796
46184
13132
81959
13699
-74223
-74745
60612
31672
-16243
53979
97183
84564
88125
17303
-52883
18503
99019
50722
-68220
67029
68294
60207
27056
63940
-31967
55463
-29558
-96781
81001
78762
-41210
-74662
-11171
90132
24743
-10265
57360
67301
70984
-7086
-64438
-53570
-64200
46124
-6031
-7659
-13443
52384
-35455
-14545
10812
-25437
69133
45213
-59638
58042
-90281
-55981
-91393
33247
-58575
-63433
26520
46748
5779
-44772
89563
54673
92630
90907
-22361
83877
16343
23510
-29655
42064
-79916
-82609
25108
-21097
-83657
37545
13079
2358
-36279
-25434
56295
76218
-63265
-93956
10291
51636
32197
-1405
-19104
94366
54216
-29009
9642
33011
19863
21959
98549
-62489
-29032
830
-81133
-31524
-46099
-18211
-34386
36923
-78879
-75656
1350
37951
36112
-9451
84539
-99636
-43786
-41357
-28536
34410
31191
-9985
86245
-98009
-86831
-82055
-50744
6748
-49356
-86111
-15746
59450
-88911
10212
63592
-60182
79330
-56652
-36565
54268
19744
27902
58534
37583
1413
-67423
-4478
-86146
-73210
-85674
-52947
-8432
-36897
-51344
82928
72766
32909
82046
-9735
-60618
93353
-9976
-32632
-92848
36026
9308
-54799
-62059
-57161
70969
67728
40828
-90893
-91983
82998
-4890
93164
-65843
8234
-87545
-15620
-2419
-44049
13232
78654
86575
42762
-96516
-58816
-94847
96929
14601
-24720
36939
-43271
88520
-72640
83093
-39270
-6428
-49326
-76527
-67007
-52655
80731
69160
83828
1988
-47702
74753
66687
-4605
84492
88794
-17965
45021
-65537
84579
77853
28844
77960
-32288
-88005
-7713
-42122
5036
2120
47855
70343
14123
53699
-77648
-75237
-42515
77078
-75651
78214
-94072
-74631
-66751
75417
-58771
-77907
61114
-86015
19683
-83612
-28742
-46660
33544
-49330
28224
55171
-1079
-8203
-86131
-15570
-67492
-52906
-23719
-1939
60663
-83715
-67997
-58197
36575
40442
72258
61727
-98247
29187
-72053
7437
-45111
28762
17896
78529
-24232
-86929
-73970
31211
-34999
21446
-21322
-49218
46922
-44889
99271
64536
-26679
49035
33108
-93536
-62130
39275
61567
6454
-82932
-62392
73015
34790
-91832
33695
99058
-36008
-45421
-69235
-85843
-16999
40252
40557
95689
-15270
-38449
-39000
-46118
87641
48196
65964
80024
17631
1084
-21082
-85800
36170
-68795
-32567
-61784
20928
21074
-88852
92317
41704
43683
48618
45457
79043
84
75539
-9375
28136
35057
74671
80426
-9195
-16866
66356
69065
-83612
26573
84190
-84871
73206
79408
64841
21269
-59244
74200
86832
16919
47272
55540
-27154
-61554
-67391
26727
92625
-61029
18464
79136
34243
-96111
48364
-24357
-83137
-91285
44056
-8452
-22908
-95739
-63900
-65721
49171
-37851
9909
-43933
-29984
-18926
-27752
4057
8497
-52857
-10700
65661
-21954
-32742
-88304
14497
35960
86554
73414
5614
93528
-84230
34803
-81119
9421
-10241
53001
-83361
95457
80807
-81723
59426
-74859
86035
72217
11585
-62823
74503
8511
-6508
27284
-93274
83476
51722
91286
5616
-39710
4517
23077
38243
-20649
-71265
-39349
-80012
-18671
2645
55851
12263
42033
76335
-77983
84548
84439
71892
-80185
-26577
-51459
-89118
-1134
-3949
-90744
-89409
61172
93158
-26306
53509
-89944
83887
-40639
-60402
13171
-47893
89495
18712
-14251
-87371
-32785
-39503
-10968
64966
64362
67698
87889
21369
-70516
69274
-48083
-73184
97859
-90906
30362
21994
7937
80570
97302
58902
45658
82131
34872
20111
44141
24793
-32631
-55422
-38497
44783
-29684
-45070
-59852
93511
-24673
62306
-22406
-96400
10871
442
91880
-60658
94723
-52518
38424
11850
-61739
55292
-57382
23480
-11465
-32883
-59531
-14617
44425
35885
-14589
68771
35104
91200
-7083
19938
72156
91456
-4052
-81757
-5099
-38478
-37041
-75367
43315
-18279
9428
-13412
6094
-76685
95869
74257
-48306
62942
-99801
-28619
50602
6411
58997
6769
16639
-63336
90519
-71228
24054
33477
71343
-16616
32318
-77750
-34111
-20168
-48103
21173
19105
-88838
66219
-71520
-51613
77449
-84331
-27078
-34214
-92791
68609
-80059
-15372
-51292
45271
48842
69868
52278
-23173
69117
-97900
-56559
53794
12465
-50605
45787
-86362
94217
84130
-18796
-66038
76499
49506
-89531
-16841
60283
-34516
-47271
52862
-78418
-74016
80297
67728
59448
49962
-53677
10741
93047
91097
35250
-96151
9939
-23261
55932
41570
39167
-71439
20693
-88383
72232
-48962
-29307
65380
50907
-18108
11202
67845
40215
62999
-5503
19353
-29448
-16607
-61321
17445
-99124
-93502
-12322
-46321
-71450
-69431
-44496
73409
72910
-40386
16634
-80415
-56871
87206
85350
4664
-27354
-24633
31732
-76770
-19091
5867
-27624
28389
70601
-9925
-42679
-45363
43115
-53574
-19058
-2282
21318
-80138
-4878
-49236
30037
-69012
-19650
-52006
68753
-91435
-80772
-23176
-17278
35087
-93094
28840
77693
-44848
92821
71526
-24531
70985
-19664
-83262
5122
20545
26598
-10367
-42647
57616
-15446
-1803
-72883
38380
-3995
43374
36931
7804
-77933
-73823
-98879
-76269
-11338
-61712
-85834
10294
26828
-28677
9560
-26683
-10951
-88212
42669
-12547
66502
-80871
57539
50902
-8303
-89532
-93533
81589
-29081
55533
85796
59527
-47792
43421
48140
36008
-7976
17204
56266
94720
91241
-62759
78240
11433
-25130
31354
80695
-81435
-35304
18843
-10367
-37875
-61212
-56099
70098
-81432
-68404
13134
17020
-88242
-63331
-91833
-86981
-57303
65398
-77400
66307
39706
-29822
47349
-35368
27295
-97375
84108
-77027
-92574
-33448
-28157
88042
-73590
44123
-1114
-22539
40471
84618
-73516
-40800
20102
-22040
-98419
77584
-19612
-92585
-21922
-3619
96981
-44168
94705
30227
43437
-71623
-57696
-63329
95144
-24120
-850
92737
-43344
16986
20725
-28699
69030
73917
78878
-73073
-56015
-13885
34544
12715
-97707
-12834
74302
964
49198
29094
-32627
58391
15811
-52305
58156
86597
93663
17186
50682
-7664
23685
12852
37305
96110
89765
94605
80924
-46256
-78121
-27452
7636
-5838
-17445
9317
-59848
-1520
1589
-37066
90896
-2309
10879
-14535
-79651
-24074
-36924
-63354
65679
38965
51299
37698
-36545
-11287
32489
731
26305
67029
-86864
73881
-82170
30292
-97568
-69699
58183
-20461
-56720
-56699
88743
-10795
-46345
90146
60776
-73316
51446
46084
-63969
-67066
1218
-4988
-9925
39787
-94951
68569
68030
-93644
24979
94941
77049
-61865
-17265
-80598
-64873
27902
-45867
21410
19688
-71037
-99824
-11992
26646
-76281
-34109
-99428
70394
-79273
-16804
905
98179
-60531
-82220
42584
-42351
34196
31135
-38366
813
7676
-76395
-19309
-84848
50234
-26395
-237
34346
68451
94642
75682
98847
-15289
-11640
68612
-54192
-30047
6178
95645
-83844
-268
-96889
17040
-52074
36133
86844
98561
-28945
-93490
-78061
-84105
64092
-8034
-5895
62712
-93181
37624
-88923
36415
-19918
-32623
87596
79665
-26629
-69074
-49478
-53928
3711
86589
23301
52789
-20745
-17172
14516
22269
97689
97471
9260
-33875
33884
77170
56673
-14962
68373
-63568
57813
19595
25417
-13369
962
35365
-60969
36513
-23219
33996
-91071
-88775
-73945
43903
-25255
-3016
82186
-99693
14696
-31287
-2162
-48976
38656
3547
-10701
63272
-55528
47179
93493
10663
72011
-94855
-44813
-27921
77471
-43446
27198
-49656
63272
39919
82182
31379
90098
42360
-10062
-55127
58642
63651
-61989
-44767
91671
79451
-75860
78086
43697
-47807
-91436
-77083
61857
-8634
-84256
-55677
-34457
-26879
-87702
52017
1757
-16567
-29821
92007
-94239
-84598
-63844
23634
26841
-51982
-54582
-42333
4075
-51987
-24325
-91200
-93333
76710
-75422
92330
-14624
-32309
73896
30124
64127
-84086
-56902
-30028
-83725
-93195
79382
-32609
-19929
35941
-92172
34844
-55931
-90753
-54025
-51944
36050
-33306
65092
-50770
-34744
-74361
56698
-6115
-46270
-21817
96053
-82135
-14720
68900
8599
20962
-91619
-42266
-18286
65372
59817
49895
99372
-26684
-26276
66397
-58057
-21553
-47704
99487
73915
81089
30665
7253
6906
49483
28763
37463
89893
-85019
-8534
-11068
-99352
-12394
-79047
3698
-16899
-87639
67765
71222
91103
-56306
13868
20575
53522
-83274
-53801
37426
93481
-39248
92329
94426
42042
74116
66660
10391
87172
46639
-74233
-59514
-61816
-14968
34307
48657
-69398
-62222
-15534
7235
-41014
-73329
30485
24711
-69500
-68149
7225
45830
82230
10123
-37777
-95019
10762
21214
7975
9936
-92985
21885
-74022
80286
12219
-20602
25194
68798
86043
-89528
-16509
-66298
75775
-96141
31077
-31643
83734
-16382
-37431
21586
-36037
27353
-96475
53902
-65751
-14404
15641
-11379
-95383
16757
-48540
-55823
-51649
-95130
-86312
-45230
87313
-84397
-24265
75850
44380
-88091
78796
56474
27304
8260
77111
81805
439
98995
11817
32209
86793
-11125
-20852
-23311
-28995
-76093
-96105
-33777
-81871
9634
-21589
-13963
26757
-24620
-67464
-65539
-71602
-10764
49232
67303
-45113
48100
35698
36148
24563
-58329
730
-28018
-93573
17516
-71384
-39606
62878
-3651
82935
81802
-95550
-31187
32546
-36461
-66079
31709
-60153
-46620
4869
-69581
-49799
-34180
61733
-40896
-53773
-31075
87674
-66437
60916
85727
35777
-65961
-71388
35131
86901
-24407
-5555
80492
-71596
25460
-14161
28147
-55864
-53324
-18234
28882
11476
47310
-3406
-49757
-88187
96346
30532
21915
-67561
72488
90282
-22392
86009
24420
36723
75467
70553
95348
90767
3063
-61693
90138
-91367
10163
5879
-51345
-38267
46345
-64789
-53814
49924
-66229
84310
-73236
1269
-52611
42516
35814
-27445
34613
-81994
31488
64918
-32568
-58499
-4949
-46144
-49392
29043
-73405
65390
-56667
-26171
17107
-18809
17927
-71223
75235
-47439
-36255
18881
-73080
58438
15914
-34345
62089
90214
61679
-9286
-54072
-61730
-64122
-1768
60590
-22421
35369
24721
-13054
54633
60703
-61757
4366
2726
27461
82204
96496
-99796
-59328
-75585
25572
-9409
-66657
66224
37679
5753
-35541
85121
-15573
-10017
-88889
-3157
85755
-8519
80684
-42349
16442
80684
-17
-51042
-25929
-68853
-95569
-53878
60365
-14729
92982
-71355
-60503
45263
-57410
-34318
-22445
19977
28782
51374
-90388
-86576
38809
68069
-32818
-29820
58480
82294
97092
-52307
-79311
96696
51429
-97553
60761
5803
97070
-89242
5578
-94670
75840
-11672
-14218
-80164
-33336
74241
39171
-69974
45829
60555
-61266
77381
-8543
13381
69262
88969
-64107
-65356
-70595
38268
-78367
44006
32174
9435
53284
31561
5136
79648
-20972
79126
34621
-2568
43910
-71156
35511
19599
16338
69796
-38756
87969
83287
52698
-35932
-22000
74580
-74530
5214
92013
-52852
9030
-69588
96398
5665
-70687
-184
-8967
88045
85103
-14350
-24001
93308
94859
-33383
40136
-10177
-28203
56536
21915
64002
57221
80743
98138
-97272
85140
67787
-17642
-72751
71799
65033
23498
13550
20845
-39889
2594
11378
-74289
44183
-41773
93321
57258
94617
34431
47767
-7802
-70464
-35017
-30495
-43762
-399
80355
20398
78531
-97548
69337
-16417
65677
-89082
49819
-61311
-31053
197
36686
80547
-48929
96751
-93257
2739
15447
55937
-84125
-26305
67291
-61240
44262
7122
54281
63503
-6580
49000
52837
15246
61519
48658
15491
-7930
28089
28723
48592
45705
1923
5478
48562
34274
9076
-81553
-37039
62598
12477
1598
54737
61273
-61196
-62278
-28549
-10804
11750
29609
84824
58718
-29084
78412
-95026
25543
-7023
-32294
85317
65069
65277
-19951
-41552
-22498
-19022
-61696
69589
66732
-388
60779
42140
85414
-81762
-18078
96665
-34859
-10353
42956
-38513
-32203
-40457
48261
16345
82187
-76415
30298
28136
-47206
-58056
41171
18588
-40536
31139
-75805
-73958
25120
-74815
40521
42124
23236
77662
94171
-81328
-76731
-52696
37882
-66566
76947
-96941
18459
15387
57924
-77376
26809
-57453
43682
79836
-20052
30923
-84459
-93604
-54814
28803
-95189
-57385
93699
-89165
76501
-34035
75270
70744
-20027
66610
18369
-98022
-12884
2901
8386
57935
49065
-22623
62755
49057
-60369
88494
26652
-95132
44170
-38580
20839
-64318
54085
83490
-24669
-37149
64032
92059
40626
70656
81994
24592
25633
-86823
22460
-18887
72212
-55591
35388
-94061
-68275
-23043
40305
77454
22340
-35777
67672
81031
81592
85499
14288
28499
23724
-61631
66567
-89854
-56132
-20398
-38785
28303
92699
59870
-24024
-84308
55763
-35528
-96959
-67772
67088
23620
-85140
-60411
-26555
67872
68868
2356
66572
81599
-97483
-91018
19448
18362
-77481
-38125
28807
-22258
70240
74685
3459
-21259
67571
-84793
-130
-18358
29943
-19700
-93415
-30058
-85229
-61227
-8707
-97086
32200
94038
55327
45218
33059
-41544
24450
48485
16957
75360
-4878
-43748
-18438
43302
64892
97759
-34010
-80476
-29393
-37221
-50697
52635
-70284
86215
-69504
20775
73113
-64187
-81849
49559
-46144
82183
40526
-94416
25932
-70696
58005
-34500
58753
93737
-82202
-45840
-44881
5521
41923
-14777
96618
-29778
-64266
-94027
-16032
26236
39739
26891
95777
-685
7229
94888
14822
-69169
34484
19989
-28865
-83227
10889
-59285
26555
-3701
-47471
79841
-6019
3875
-12771
67637
-36450
88767
38381
86522
99364
34862
-78809
-10113
-57239
14031
7040
-8314
8864
99399
58029
-48423
97089
-17389
627
-43493
-18083
33621
7331
-40601
41561
74736
-65849
29287
-24415
-91712
97728
61585
-72942
-16187
42416
-27731
-71314
-61822
13773
33860
-32098
31966
24543
98383
58397
-11318
79543
-39595
43654
-78576
-91487
58826
23155
29478
25607
31157
-36947
-83312
72047
-14459
-20631
11956
5381
-50974
26734
42139
-13887
29028
27732
-7312
87397
40622
40886
-55985
-63560
-7457
1424
36787
38803
-86781
-32300
8265
60124
-41949
75829
56218
25868
-29446
-43567
-24399
87991
-49086
-96130
76794
52660
74219
-94084
-93149
65593
-51381
-74639
65568
62404
-82708
-5121
-80149
-20815
-25425
21589
-60464
-78443
47124
57806
2994
-43016
-99641
22245
57341
52932
33571
36856
56959
24441
75810
93093
53221
-72477
64569
74995
-61454
62452
-71331
48390
25077
-79113
6606
-14465
-17541
-28562
-82717
80757
55905
10767
68873
40682
49385
-46714
20354
87177
-28426
-67230
-41756
47918
-51973
-94135
4332
-95598
87381
95526
24457
84664
15150
-41858
659
-36160
85320
93470
-71674
-31038
80903
88611
522
23261
3317
-1787
-10880
34112
-35332
46268
42298
-66590
48531
63982
78203
-38606
38370
-98130
-3235
571
47939
59170
-6694
41620
-33864
64721
8316
-5731
10700
-74990
10111
72783
-85575
-95302
-11256
12315
31808
-41419
-45224
-68052
66249
20989
99971
66859
58787
14893
-7178
-86197
-62331
-92707
7167
8966
-94578
43405
-88565
80933
13840
-33775
-26015
51728
-53230
21845
-89963
83536
45459
-912
-20032
-10724
-94577
-27937
-75375
9631
59088
-19107
-10071
88254
70562
-46235
-439
-29755
45327
-33593
86654
87024
-98983
-19496
95192
41577
64113
-41030
-57788
1157
-62199
-50004
38691
-72679
-24359
-4683
77579
-82811
25467
20248
-6833
-67643
-4542
43786
-85471
-96643
23866
-13754
18859
35852
60388
-35576
59290
89561
18305
70184
-46515
9272
24619
-36945
29242
44004
17491
-9470
91833
-9152
49986
-50272
-65519
86163
32026
-44939
-86595
90831
-56956
87055
-44176
-5386
-36796
-85168
-5620
-38891
-40620
-65699
46442
72459
55011
-8941
-10911
87452
35867
-70354
56970
-59484
93839
25482
-15146
-15997
3421
96744
-6023
-6006
26046
-78177
68315
-42784
-87244
-42560
-61874
15631
-86368
20486
60364
76276
-48849
85683
-14458
57480
-7213
-82304
60883
47804
-57861
43533
64173
-32662
72453
2683
85152
64379
-10561
-4784
9063
2361
-2171
-58116
11444
73216
-90780
47717
-99266
-75142
48004
-68939
-45854
62595
-37583
69731
-83770
-2208
94791
49656
-9410
29050
-3396
-90694
57570
86659
7569
-72513
-78007
-6647
11639
-39479
36268
9058
89827
59687
-64509
93568
-11277
-12546
-36402
62499
53658
32497
28196
33334
-41525
-96896
-40114
19680
65361
46428
40698
-40048
-23087
-90592
92954
-53177
41959
-52865
-27864
38047
-24566
3971
95214
-74036
39740
35281
28550
99784
66390
92304
-10533
54965
-61052
-3763
-13951
67204
54690
58564
71042
-45164
-71700
-98496
-72103
98120
-48806
84723
-12180
-79445
-61068
-6266
-98768
-91228
-57238
58314
93341
-57167
-7157
-49355
-31273
65363
83260
-58233
1929
-88328
-62998
43329
35274
-68046
-79014
1016
62457
45624
17726
87705
21155
90980
72710
43182
-93437
-67956
57484
-6224
-58994
14687
18259
-22943
-88296
44333
38612
-48976
7583
-99760
-18274
-73582
63699
-28678
85606
-54592
60525
-25891
-2999
-94657
-48554
95130
-41158
-44649
-29279
-30845
26791
81559
12585
-44816
-69200
-13086
79164
-72310
94123
21766
33048
48209
-9579
-2825
-63940
-72919
-92189
-43893
93604
-69995
74148
17150
-78326
-41924
-34518
-65779
28804
98126
-45174
-3424
-66089
-54086
21714
18553
78019
23925
-61670
-58070
66559
-26056
-31454
-50700
-24787
-91451
96953
-36905
26656
-64290
79656
6416
-12615
38975
-26232
72427
-45123
-66488
28828
55985
-35172
30176
57298
-26483
41926
-11724
29343
-16124
-32946
49502
32148
97821
-95798
53200
58342
-98116
-56415
20298
-28440
58175
27194
74061
12731
-37643
-81890
-93613
45607
-33538
87522
25564
-2851
-22719
57420
-8602
23446
-59993
-26858
13007
-84403
-12518
-55512
-40733
-15944
63968
68872
68572
-63311
55700
-79154
81474
-51917
-32217
-20706
-47171
31965
-62841
33462
83802
78442
-73889
-33532
-48837
-9255
58338
36601
8112
-45262
45747
85358
-13513
-97414
-48580
69099
-28480
-76144
-15811
98312
53921
67103
-16068
-88053
-64099
62783
-15075
-37638
-56213
98165
96398
-21672
-41178
42761
-66180
-73096
16801
-18611
64200
76565
87231
91837
-8648
-64345
67850
-78510
-70327
-25289
-20780
58910
72241
-7839
-19651
61812
70736
-52454
-88282
86310
-32575
-52019
-42252
-26880
24358
-46368
48119
67411
-73708
-70972
9133
17336
85278
-81219
57658
-13616
92952
-217
65396
-52669
19004
-66340
15448
-24304
-11991
32644
56653
81937
48094
80266
-63211
78457
-84882
48470
55554
-35208
-38071
36636
-86246
21928
69476
-8212
17333
-92207
-65284
23328
-6779
70222
25775
43193
68256
61070
92333
-5635
-181
44059
41978
-56116
-11740
31252
-36094
67664
57427
5105
81439
-28479
-20019
90914
34543
30629
46373
34919
62918
83731
89343
81024
84753
60783
-87096
73068
23413
-68839
70168
-30494
-44490
-38555
77658
-15626
37889
49461
-23038
-24853
43947
4510
-17320
19514
94443
-57424
27262
-37146
15300
-26370
-28175
82182
53510
51342
-70556
43837
-27766
21275
54380
16671
57438
65196
-17316
91637
80270
-87348
5868
49432
-21749
-96850
40126
-98584
61950
63572
-54732
27736
28363
-11705
61004
18958
-70692
-54136
50100
-7725
69897
13192
16162
91783
13249
-35902
-65492
-31162
-59999
-5775
66017
14783
-73957
-6272
98529
11769
92684
-92872
-10990
-32995
42316
66069
46664
-60714
-73501
-72819
-49726
87292
-51708
6860
-42140
-90693
-58255
88711
28433
8881
64814
-43150
-55566
3227
-60222
79097
-50902
-89649
-95611
-62761
247
51511
-37994
-45793
-83143
-25610
-50368
58287
91581
87081
85389
-55614
-1475
-59359
-64956
83142
-35664
-33801
-48513
25214
-70564
-93707
13296
912
34357
-51489
11276
3378
-66579
95954
54133
-11190
-85402
-83059
8302
76359
14815
-54876
-92816
30355
92862
84437
-94496
58454
-9237
37110
-43046
-9965
54766
-37629
31900
-4972
-96815
-26214
31377
-19174
-25295
-72126
-67969
-8152
-14390
62274
-88317
-55368
-34898
-23447
-42717
-37522
59688
-77464
17293
95496
15376
63238
33950
80767
-42944
79361
17469
81598
-51429
-60230
-15371
-41389
78358
-66117
4521
-95731
-30734
32062
-64759
1775
-82270
-55448
-33420
27154
-44011
48740
62793
-53268
30687
500
4953
33423
-64598
-49354
30304
-91047
-24377
-17344
5096
-49393
-41965
85708
30556
-43047
-24987
86760
57216
-34615
16288
-42041
67288
-19728
-16532
21642
-81781
86915
-1482
-12901
-25552
49062
77488
16014
25661
29764
-30492
-2176
-81902
-55833
48006
86338
53454
9929
30435
-55841
23981
-34614
-35448
-62195
-58915
99329
10337
-79963
65818
20123
6569
-73919
6375
-42923
7307
-31186
9793
-45315
-68562
14798
-69150
77294
-59643
34786
-72554
92748
60579
-77396
-73931
68934
25890
3249
-66658
10043
90994
-59059
88836
-30085
38933
-87783
92870
-67306
-42781
-63598
-22425
55931
10817
-86392
69035
53764
-65400
98884
90784
-51118
25147
11274
-66026
89964
55751
50539
2884
74183
5702
-3538
39684
16623
-28877
84645
-5519
-10868
-85314
-75712
97921
43566
-65743
43030
-82772
-59393
12157
-96737
-55442
30122
-85798
88939
-57926
-49790
52289
-1102
-11536
-79579
69541
-42746
8515
-7598
42634
-86628
-26012
97228
-63759
14852
585
-69303
-72272
-70126
36085
17924
55115
-4539
24575
82977
19425
-86882
27106
96460
-22055
50739
-99900
15106
1820
20248
43320
-35128
-70146
-4249
-27209
-51456
-38660
26273
70448
73609
-91026
-14343
56311
80037
86741
-32113
63001
93412
-37965
-45773
-88687
-82918
-25797
-52719
-20461
63142
59673
42579
29571
90560
-51809
-88785
-55220
-40029
-47477
9439
89191
97191
24217
28182
20380
-42779
86450
-55748
26556
24570
63760
26719
99857
29518
-38424
-58385
-25421
-56423
-30915
86697
5557
-14988
91315
21669
48599
15024
37237
-98449
75351
-54013
74821
-11270
-43569
-66814
46875
-82202
-28124
26055
74796
42377
99712
39655
-22964
-80030
64988
50965
-25578
-31138
-70291
9150
-9320
-50813
73362
9745
17656
-94472
45282
36326
4749
31146
46786
-23426
45816
88691
-73580
-40763
-15986
-92578
81796
83854
-70470
-99207
-55828
45230
636
-5093
-10556
-44637
-72174
93547
-92024
87345
-12055
36374
57780
-3194
-26970
-69440
76924
-85581
48219
-12473
30716
-2949
26061
-81905
41541
41903
39989
-15312
80962
94131
-46272
-66937
-18261
83475
-83936
80159
60048
-91651
85479
80412
-5747
8865
-85537
33133
-82536
-54965
32675
91456
-7337
-28819
-61627
-78899
-74666
-47618
-38193
44405
61570
-42774
66837
-6359
-16805
36871
-95675
77416
-56007
55068
-34941
-98500
93539
29993
-77783
50688
-39224
-49973
80764
-68568
-55144
36145
39956
-96797
97418
-30892
6372
-58867
-26094
-4141
10377
-72004
28855
68237
59149
-7428
-9889
-82867
55437
58157
-96432
-28811
-68161
20382
47771
63895
-29143
-88618
-33420
-76488
-35410
49557
36345
-69745
45680
78904
-62916
91076
-50251
25133
-38177
4826
-43463
39134
5948
-79784
-75288
-6628
-3566
-4903
-49639
93732
29946
61738
-15604
-49732
28474
47671
-76951
69288
-67839
51066
94003
-95938
8626
68050
-98176
26488
12809
78259
-47137
-8464
-56776
40842
-6038
-3343
-5612
-20162
44842
-90614
65804
-85617
4683
42600
-11149
2428
98720
7342
64196
-82872
-99163
18573
-96513
85473
-40259
-16327
-40010
67044
48595
-26137
-25106
-27814
-94322
-75735
72778
-52742
-89329
-80491
3728
389
-56838
-36208
-49245
36464
-19273
92545
17061
-22861
14157
97810
-81366
-6234
34687
-77880
10466
-10524
-16169
-38640
90570
-71280
-45340
-11555
66879
81872
-54839
-54457
57329
96449
17373
-94467
-58790
78438
60074
86236
48861
-24362
-9259
92452
-90419
-24950
47397
42718
5573
-73539
11512
18069
-19518
-35192
-64457
-60802
-81783
16005
-64230
-96629
2271
-72078
-35864
36568
-33956
-14723
-52502
13011
-70619
-66884
95625
40858
35364
-58973
49786
-52924
12376
-83467
92275
97977
-78529
21520
-74657
-38734
-82258
-13114
33710
75040
82363
83759
-12554
82270
-26239
-55579
-94983
56957
-48889
25541
-14041
72221
94567
-74770
42974
-91857
-73195
8326
-16338
17010
82060
11150
46148
90424
64151
-52651
92253
71269
-31302
96244
-32583
84530
11719
-32860
46836
-11055
80408
-83269
87023
-83880
-9345
47581
25045
10317
-70438
-94277
97506
-40588
8995
-20786
24912
23138
-82150
-42031
39736
43048
31663
85261
-56814
-37928
85585
-78375
13182
-63860
61391
-30662
18930
58820
78689
-87115
-34645
74467
43645
-913
-62066
44660
-2496
46405
24950
77306
16285
-69143
30225
-28273
-61297
72672
-98635
-77810
39868
40320
-17042
82899
70315
29341
-61431
-44141
-93648
-76716
60132
-44856
98669
-46477
-54383
-93708
35305
-26039
-15497
53665
31993
75837
11131
-66610
-20440
-63168
50436
-44055
-18785
95185
10501
58029
40622
-1811
99995
85678
14045
99259
-596
29447
73936
65021
-80851
-57570
-94591
-60375
26776
92894
5987
33922
14684
-86434
-89379
-45213
-80914
-76194
30368
51178
50451
-92313
-94389
25246
51055
-89020
-51813
68178
-49262
4749
-25680
-82820
66043
68125
94365
11284
95519
64421
-68652
-83873
-93366
41626
23424
-84340
-70629
-43226
-88293
85586
53063
-67162
-84272
-67206
20012
33080
66603
-75135
-37880
-51409
-57499
-91673
-31800
62630
-22533
-1547
-69245
20575
-29473
29414
-67949
18901
-7798
-91255
94969
61641
35119
17898
-90259
18822
82553
43310
-68281
21132
67891
-42031
-83430
6221
-78026
-82097
-84668
-42170
-98763
45306
28124
-89132
-28136
13190
89748
62617
-93800
-66356
-35013
-1192
41657
89521
10370
14161
-93761
-37015
13748
-20870
-81018
10437
60815
53665
26190
62087
31535
83085
87471
-5351
-74088
73775
-39591
79115
-44526
34718
43398
-35006
92200
12588
-12638
73712
-54430
54338
49719
-31889
-82416
-48522
-1779
-68516
-19514
88798
68544
-86526
-42199
70481
2685
-378
27083
56121
2898
-83811
-2699
67198
-91438
-13078
-99166
52518
-38148
-30383
-91038
728
76431
70262
36482
-98409
-21673
39359
-24234
-32851
-66560
39502
-9878
65666
-36021
-61837
41063
-24225
-86274
-93488
-47918
58107
29271
1747
-88520
8826
-29909
-83813
-77977
-37204
472
38980
-92540
77714
41716
-71718
-58852
-71597
-63600
-85027
-66680
-40860
41865
-15989
53900
-80190
-53549
65746
63564
-59633
-90667
42003
38083
32855
17052
-30279
-90951
-30806
-38900
-89322
89358
-78557
31632
-51482
37626
2774
47764
-22647
-72876
-7972
88019
-98527
94643
-49251
8333
-84582
-99821
90053
37392
-49948
-1927
-93231
-86720
18104
-55486
-43431
-81543
23106
-74797
55547
-98355
-91015
-54178
58995
64845
57531
22435
28336
-28709
39946
-24803
-94968
87978
-23821
57108
-23630
-76688
-90394
33118
-76808
35611
6562
32647
-33223
-34244
21916
39749
64606
9327
-66766
44797
-96984
77789
39118
52752
78316
27354
45647
-41333
84854
71879
-79556
42675
78799
34803
80981
-76223
-27375
13442
55182
51112
37537
85821
-36179
22411
6743
17571
94563
99778
-25038
79087
-12423
-84359
-53660
-83545
-64381
-10662
-29600
67262
-48892
32287
-96058
59679
98463
88731
-8624
-40762
-2051
5661
-34217
-24516
-36297
-70624
16494
43909
-18973
73002
95680
-93593
94477
53995
-70595
-80603
-2474
-46735
65819
22603
89573
-53242
41442
-28189
-53042
42425
-34718
-94380
-31984
98022
48081
-37100
33120
-32881
65444
-98983
-82905
61937
-15663
-68719
-91610
72606
57649
-35259
36377
-23016
-33347
-84431
86623
9373
-41450
57761
83182
70054
-91589
41336
-64559
20528
-63649
-59656
20039
-49325
-3246
-52721
33288
-57596
38433
87612
98079
6004
-63558
39757
-97833
19183
7532
-44612
-80781
-6708
-66921
40655
23425
55596
21706
-41855
44020
61734
96247
-86969
-49746
-23273
79411
73896
-76088
30505
-1514
-85424
40695
-33935
54560
-82427
28641
87222
54758
-22680
-43204
67479
-51543
-72504
-54180
22369
-2167
54260
73732
-32041
-87871
-54978
-8185
-19825
-11282
64761
-87233
11953
-39690
-76201
77535
-96247
-13832
-70335
-2706
-33575
83908
-43298
6427
-87754
87398
-33238
-39081
-88937
91426
-27979
36790
83076
-33026
84039
-31082
-99687
-78224
92053
-54168
28071
79155
-30033
-30492
74285
92373
81734
5615
20552
65377
7936
-49594
-63460
71078
81545
53000
-27653
-99164
-69355
7040
-40006
46521
-21369
56384
-60723
-61806
9637
48567
-89862
77331
94563
66161
30006
-85611
-16282
15190
-92302
91229
11133
-58308
39123
-86106
30927
51217
9255
86193
-95204
-63712
39537
39470
-36360
92828
56942
99030
-22640
4494
80355
-36131
-10738
82491
-8083
-63414
-94207
34199
-54028
-85086
-53060
-99700
-62089
-56697
24734
-16986
-22648
-48195
86080
-73251
-65028
-21769
-58920
37973
-94847
89176
74037
91665
49796
66974
-93204
11290
-88293
23158
27232
-89403
-34991
-33244
-39986
-42260
28622
-38665
-33492
-94500
-17377
83679
-601
67614
-5550
-85883
5085
92324
3195
9452
99504
-21110
9198
69575
-46425
-21377
29776
-20509
45723
-55626
-30414
-47341
93656
77071
61133
10960
-70981
-4458
27196
-68996
96137
-90465
-46843
-59378
-46050
63159
-73080
-58532
64846
-68223
3383
-28099
79637
-78959
-18136
-11029
-9525
11147
19792
26711
-24130
10175
-26901
69077
-97440
-25566
83864
24989
-23300
22418
73746
-22928
57929
-93351
6898
-7553
-50532
96104
-18729
93992
81978
-87426
-14436
-99495
-81306
60908
-33849
-52154
19747
29220
4591
1218
41497
-15788
86248
-74703
-26482
-13108
27823
-20725
-30574
-74485
93745
-39039
29035
-25205
84105
-28812
-45419
7143
19142
8246
65505
39946
92121
-35294
-95258
60360
92421
-1503
95499
60510
-32934
36640
-10175
88469
22713
32715
-80024
90482
81872
67240
9172
-1985
-98401
-88702
-84501
-54966
-14430
20973
-614
79525
1958
79745
97524
46091
-75547
-49593
-85816
-4224
12165
66149
-27124
-73872
10124
-66928
-75800
15336
-42398
-80858
83581
90058
-66368
28746
-58316
-65466
7185
62969
-62988
-86885
-94088
-83609
-41059
18245
-61346
91438
-33502
-31931
-90265
44999
-28706
-39438
-1466
81642
91070
8129
-97270
-36207
-34459
-9572
59374
-75877
98755
-82263
-73047
-38444
-41945
-19895
36439
-71370
-86306
40200
-51914
-99947
-77594
85405
88587
85493
-74150
-51962
-44749
21054
2194
80906
76926
-67778
-65519
-21547
32128
19068
-89115
-55227
-39466
6530
-25457
66616
-4114
27749
86585
-79123
11328
8176
-93679
-94692
89790
81310
23074
85603
37013
-82233
-93641
-78221
63183
-6015
-7910
55019
-64365
-27347
-80807
13199
66171
62483
-98271
-52304
-92662
-58699
-71583
75978
-7142
22856
-86376
45700
11296
-88921
-7945
66814
74278
41685
3367
-83119
-91407
-72783
43781
1311
42285
21850
14142
-10451
-7700
68463
-18513
-20335
6005
87856
-96074
-77879
-76204
-90860
29261
-79014
36326
-83000
-47054
-64305
74606
-75698
55586
-18251
74269
-10943
63880
-69897
-5186
-26235
-62072
34854
-52467
-39940
-66301
-67374
59892
-61591
-8438
-13893
94879
-88303
-95037
-61179
-50855
-97736
97543
73394
-24378
11816
8502
68522
-84614
67896
-87817
42678
-65311
90154
89586
73575
69680
44009
10675
87667
-91019
-8022
91505
7958
57861
-61593
-92077
-47841
-71690
17329
8288
-39828
99631
22915
-23815
21425
30614
-8986
50483
-12164
-91998
85594
-7612
74657
7733
51685
73786
2291
-17634
81285
9747
-4771
78312
17296
-51045
83338
-80506
-78083
-46161
-51625
9266
-93787
-51653
-7721
-11031
-71771
-60642
-94460
56943
-56740
-93440
50980
-33393
-10135
-99240
25075
-82404
93306
-93942
32365
33319
72601
-16921
-98854
48617
-780
95963
-68234
-10906
-85211
62969
-74896
48030
-54044
-75289
15212
-88660
58724
23675
37209
43701
-38185
-1622
56466
42232
-88979
-89185
-99069
-96674
-78595
54348
-35533
7531
-47500
-16754
17742
-17360
28002
78150
-63209
-96813
-33159
23614
67411
-87160
21488
-6087
53831
-75188
-2817
63391
50449
-69376
96392
-17024
33767
-72057
15400
16992
29139
22390
6216
-49155
-33553
58726
-31840
-50973
-50532
-3679
-50922
19632
73897
69127
14272
-14260
-60942
61156
71196
77531
-86896
-87107
13490
-55995
80300
21384
-68099
-47475
61044
-82895
87176
-67831
-24454
-57692
-51909
-7494
-43939
78481
-74038
-31793
84872
73442
68831
-12338
-64851
-8570
-71430
-21315
12606
88631
-65148
52416
67631
45257
-51084
-87366
-7776
-27477
-63891
-32138
56760
-66524
32015
73049
-77734
-20429
74681
-87342
-34799
85091
53811
34489
-32005
31662
-7668
25114
42811
94481
75109
57761
28426
-52384
98249
-78246
48249
-74888
-95216
-78114
95561
-85007
-97186
35249
59525
21628
-34395
83723
-19647
22264
-74973
47717
-95214
-1921
16099
54077
-6695
-42681
74880
76934
76210
59794
-51859
7418
-51761
10714
99027
94682
69076
-99517
-17620
12818
-32154
76849
-20865
-33925
-85356
-447
-39744
-43387
-73410
-52067
-29757
31052
-66174
-36712
-70086
17194
-43725
93268
-11677
-73582
62054
-32533
52664
31388
55880
-48976
-36306
36914
-23907
-52673
76014
14995
-74464
56451
4037
9848
94788
-89388
-34689
-85938
-76790
-73319
62778
47352
19169
-3854
98963
-18455
73132
46071
25852
15123
50152
28685
4243
41138
52195
-48428
-91542
-48172
-10722
-20574
-91220
11835
86173
41413
-35822
51236
93812
22581
79031
-98769
10856
94023
76399
22969
31843
-2359
-94632
-83932
95799
21640
14446
16902
78256
73178
-19485
-558
52411
-36143
-3506
-51556
-12264
-64013
-79324
-28420
-57705
-19142
-31390
-27309
-5317
90482
-76800
24599
37623
-52398
-37568
87479
374
-98234
-46250
-39823
-80702
-92194
-5259
60691
47883
-56395
-40677
95773
60906
47612
38076
-2065
38020
60257
50670
-5255
43519
55885
53298
32039
67626
-22721
36164
-32505
-90709
-18063
63592
75992
-41049
81833
2876
-90416
-11936
-74741
87496
97528
34635
-47846
42008
-57809
-25509
30525
-50051
-15252
-65003
8510
84692
-65693
-56854
-81828
-65926
41694
-3812
-14555
60741
-45107
49871
19258
-26863
8635
-93945
-75580
58876
-46137
6077
-34847
-11601
-69872
-14905
-2168
-23821
29670
54880
12362
-15141
-26795
-53472
-45135
-78528
34143
-85920
-95634
-89116
-19625
7915
-15046
56538
-45099
-27127
1295
-1657
-85474
-77828
-64652
-39851
76486
-40458
-14987
7233
-88609
-33443
-23681
-42070
-64631
684
85401
-42462
91361
85820
65697
-90684
-93282
-23359
76429
-21357
17712
-11498
34824
-35511
83787
-59023
-30142
-57841
95256
61630
-57606
-36391
-75248
-92758
45405
48012
83362
-48367
82797
-78885
75488
-55535
42046
-17784
6868
-60738
-76351
-88284
10430
71386
18334
-49971
72972
-53506
92571
-23484
10748
-94463
69166
9593
66889
68987
92537
-2094
42575
40608
78098
-16611
-4278
45702
62791
79732
44231
-82494
62160
-66976
-35651
-42420
-93381
-92033
43043
63286
-33099
27566
45179
-86387
52919
51290
-42920
-8604
30859
98058
10399
-4466
-14492
44366
-18570
22772
-45589
69792
30318
51199
19186
19426
-99485
-76548
-15608
-28384
84876
49811
5069
91385
55571
-58720
1077
47530
9626
40883
71942
-65421
91475
-30343
43507
-24290
47548
-3764
13823
-7647
83058
-95383
14208
81750
-87630
-53241
-47923
1974
-31289
41223
37064
-87874
7000
57337
-56198
64794
36011
-29994
29207
-62712
78288
65289
-12744
78074
62136
31823
26886
-11264
91696
-63473
-15492
7371
36411
7054
57878
-62787
8294
-12558
-78730
-38982
-766
-30191
-61730
38131
-20151
-24892
64130
62394
-26055
67796
86186
-39640
49478
24830
41081
9709
98853
66862
-4177
-36327
-7683
-46361
-94205
53844
-55288
-40856
32612
-10265
96070
17756
47560
-92736
24637
-26005
-55955
28543
-15417
-59961
92003
57204
62060
2274
-8788
61397
4983
73469
-99067
-53153
59570
-27523
32944
35451
-99675
-85264
-20705
48703
-33034
-81690
-98904
21086
20616
-77291
94491
84252
975
-32847
78395
-64768
27289
19533
31794
-77784
-63572
1566
13116
-55430
-34632
-89671
-43330
-46641
-94339
21946
-20765
61120
-18933
94432
-90424
10316
-34240
-30437
-80653
37636
-3957
43327
-51808
-7938
-11984
-80864
33254
-11992
55779
3253
94580
-68993
49898
50319
-67080
-11333
-95317
-59870
66179
-30250
3809
-73594
-35853
23234
-36639
5369
-88255
-97881
-23314
63977
11392
-17502
-58305
-12190
85773
-20251
69193
-15728
61526
82906
71601
-19470
12966
35
-77023
-19159
70319
14440
74401
41053
65744
-80719
92213
-25635
-1673
-22872
57769
-9899
-47524
20518
-54728
44872
-59950
-77595
-74756
-44365
16268
86512
-77134
41104
48822
56694
-64885
42618
-26301
3581
26465
32253
89841
98666
73455
-98961
-21330
5802
-92676
-90141
-44129
51229
5576
-17707
-68704
33235
58207
-91713
82170
31714
80549
-13684
54088
99767
14056
-45898
77208
40048
37950
91980
-25603
-16219
98169
-12455
-14113
94623
-8720
-69902
48253
68776
45209
-91892
66389
60169
23036
-35434
-23837
93202
-79805
83866
-4991
72772
-87666
-3655
10373
44176
56142
45067
-4546
72839
50231
19699
12018
77753
-9759
-63237
72603
30667
-9023
-83324
96400
-15398
-96846
99222
83675
-6372
59436
-86565
73701
-90896
-87451
-83760
80595
59571
-34565
-12400
-6083
-53119
26
85122
-15025
-30027
-37064
84982
22077
-24627
57279
-20007
-948
-81859
-2503
55871
9240
86577
85734
4171
92047
-6087
-66400
-71818
37636
65759
2071
19193
65315
27709
45944
98148
90920
65481
-75306
1258
-81107
10165
-47219
-4484
31022
-89146
11821
-7790
-48016
96476
-61455
32753
-36862
-70895
16185
-58604
8407
96180
72001
71261
54578
-71500
-20144
-12144
-6424
28083
33600
-77097
-24089
38319
-95844
16606
81320
61807
31354
44498
33327
-28293
40238
98961
-19907
-70537
7949
-82049
-85572
23754
-83149
91026
-4218
26482
-88713
80155
72323
78733
-68822
62614
65235
25444
22041
-74239
-21367
-20666
90321
23455
-55717
-66797
53292
-19895
73359
18866
-31714
-43709
-28127
-83138
-63444
-33521
9834
-16070
57104
-35588
74386
-28394
6235
-56577
-78380
77620
66763
-71124
-75860
21120
48500
-49603
-82657
-31139
17241
9750
-60024
-91835
7252
56184
-81810
11355
-14420
56010
-65281
90913
-59227
-35569
24394
-41295
-7960
23373
-2226
-61423
61718
45866
60362
-2498
22075
92330
4132
88920
-37994
98836
8178
-31978
34543
60275
-15631
-91226
-1454
10329
-89327
-63265
-26965
32706
91929
16566
-51266
-93251
-24577
-23660
-23155
99328
28395
-85632
38870
-43955
56446
56799
35112
62204
-3342
47705
-1557
-60797
-44902
-31604
-79781
48606
-82990
72772
-57998
-48229
63731
39578
-15062
-56620
-19544
673
-96174
87977
92438
46395
50170
87091
44502
-37317
-30397
-93870
-35238
-50045
16703
51541
60324
-47466
19041
-92975
-61259
93986
-50104
95811
10330
-32337
-7498
-98282
-39811
29641
54189
-48167
13888
31935
4920
42486
45374
55881
-63289
34044
-84199
-2163
53238
74793
-38949
-80494
22389
11623
-31171
-59904
14118
88178
57205
-15439
1851
46609
85916
-63342
-55895
-33312
-18656
43409
53282
-36257
-51383
2371
-29162
24729
-99805
67441
-75607
-73321
-28212
-83769
-61328
99430
-2566
-82777
-99932
8051
-78092
34123
12310
-70729
52939
21575
-12729
67458
16986
55276
-70713
12301
90782
-17589
58787
30259
-4987
-84167
-38825
70128
-46599
70935
86349
41670
90987
38610
-27766
77700
70202
85352
-36865
53895
-53799
78934
-31104
27388
-63248
-94650
-21005
22124
-36708
82055
81037
1180
-20256
-19953
-1410
-55955
-83222
-62971
61812
-67471
49709
70157
-7105
38219
-72177
-58423
55946
-43399
-64495
-94983
-53500
92065
-34008
-91706
-39272
20594
-83052
47589
-4029
26639
40989
-11955
84828
90497
55813
-29416
71942
-48108
-44771
-98161
-70803
67419
24591
53302
-22213
57910
37827
2810
-94207
64498
-95993
30230
-91018
-69719
49074
-97933
44947
45632
-294
69657
61936
-83532
-77542
-83536
-91417
-74758
-83791
49492
2700
90831
61850
84122
55176
30766
38643
99709
-67815
-99855
71273
-25162
89259
-543
94364
81710
-679
3932
-11498
8531
1080
47945
-69040
-78683
-18266
26042
-15850
67745
-14774
-70697
-56287
-70387
80104
34307
66472
-39939
-20457
-9158
79165
87992
-58091
91850
89479
-60434
-77491
2055
-33999
-32749
41087
82222
-49448
-49309
67982
-84778
53146
-44605
93743
2640
-28858
-1369
-15636
69450
-91134
-96575
-41955
10914
39204
-26538
82338
-84128
48812
12036
-7328
-4802
77781
-47294
-19963
72659
937
-21465
3235
-37846
-39838
-37157
-60275
-82628
92378
-4012
46683
-68193
-67665
51572
-93439
86001
-60253
-34096
-99471
-69931
27334
-58169
-48321
-12910
-94242
29938
-89777
10726
1188
-90121
12265
-76693
14333
84326
-73016
6434
-82875
-18828
-72780
-27171
-97457
-30392
-76224
15359
-98580
-94556
22901
40975
16974
-98888
-35529
-70
18920
-83536
5079
-81464
-42906
89528
-37965
19881
53816
33136
-7658
57016
-84480
32355
-75106
-37700
73150
-77192
-51847
-76457
-65064
87693
-97145
-48091
97333
-58703
19923
-11382
79093
-79809
27509
-35643
73771
97895
-20998
99893
-38510
-34188
10965
-15603
-5384
71632
-92067
63472
-10337
77649
-27630
-49060
-75144
99433
-34552
-12252
-23177
60851
95820
-16118
1565
-87886
-81005
76521
-62552
96942
10833
27572
53358
26334
82477
-34989
-31281
54874
-14882
32555
90771
19592
80238
74809
-89325
-95679
-18585
59567
22565
74122
-76174
53473
-38616
-86994
89997
88035
-99757
-26617
62848
56651
90103
-95245
7851
53821
-1914
-45664
-13079
72210
32147
-54601
-79574
-14629
-42459
-53559
26836
-60705
-14148
36549
42842
74705
93584
80289
20491
6014
90975
90541
13951
-62277
-69733
-87720
-67177
28379
-50456
-24041
16503
-6936
84635
62907
-84775
-87860
93411
41275
-90282
89856
-55604
-71468
-51315
-37981
-21401
96113
66229
43943
94245
-81121
30149
-4238
84667
-71773
58670
84474
-71954
-15477
-61649
41144
-28419
26277
86844
-39793
-10133
30042
-83732
-97157
-34181
-57031
71505
-58415
90441
14204
-97165
-61392
-62904
41258
38790
-81251
24695
43715
58203
95437
-37393
12237
66143
-5730
-39379
97180
-89687
-45828
-24850
40867
-87822
-58962
95366
-89461
-30832
6504
-48303
72567
47850
-52305
69275
-81917
94738
39161
-80757
95898
-72198
-29067
-97321
51370
5169
74676
-26435
-94576
-87762
52773
-25912
81356
-20105
50709
13867
77003
43906
25642
-8109
64031
-46385
48357
-64155
27034
25061
-83711
46056
-19326
55381
33773
50653
71582
17593
-78523
6360
-67247
-14953
72774
-82179
-40662
20208
28750
-14902
11225
-50909
-22542
25802
74168
2486
779
-7846
-44340
-87254
-97966
67115
-68487
-9922
-18314
-14179
23820
97436
-81981
-70359
54530
97085
-15653
-56047
-44000
79611
19088
76187
-9210
24687
28046
-43896
-95434
-47891
-77238
-8176
2966
47499
-42485
-40430
-7858
2094
87126
42151
-83135
23582
-85933
17192
-22497
45280
44665
3900
-64469
36314
-80698
77059
34745
35475
-93338
-52264
14850
-2880
-1286
-29053
-11951
-32890
7635
-58748
36709
-47378
82135
-18567
96250
-38708
-12029
75953
-62890
-77482
31666
62161
64005
-852
-97782
54898
32911
49654
-68670
72190
-60195
96947
-51921
-33160
3975
-26764
37113
35332
-31650
21104
80031
65965
63847
-67620
2830
97462
60357
70198
72920
-98642
73594
-81963
7016
-44124
25472
-67358
78547
-97897
-17247
88800
14867
-68420
-97052
-13314
81829
21600
72427
84593
-15623
-20724
-35041
-43870
-37982
-96848
47500
18009
39461
28880
-54047
-18378
-22206
-15423
55078
-26098
-73881
-17603
-28557
43459
22053
74318
44451
24997
11475
62481
-24697
-40473
46951
93261
41383
-10719
27344
-57100
57351
-56320
-7778
89656
-87183
-77256
57125
28056
76509
-55442
-49472
-39370
-46115
3588
-79661
-89591
5468
79051
-92164
96064
12241
55476
23729
-25795
-70511
4979
64822
66286
8318
-90002
-43258
-99542
84531
82420
60063
-17891
63045
53583
50979
72519
-97154
59761
-97917
-52610
35017
-3920
-82594
12763
-15410
77082
10971
-97381
20780
-74460
43004
74488
86289
5503
94197
47244
87310
-38328
-14437
82632
-33756
2327
69658
97601
76054
-43793
57745
-65130
85125
-72299
-61345
-95875
-5895
-8656
-10609
23162
24843
-91423
22156
35739
68982
72563
-80864
-55427
-74705
46634
69243
-94572
89529
-63984
-867
87470
-18554
49367
-86579
-95812
-74596
-20974
74291
-57556
9719
20059
60379
-6255
-78223
20324
95013
-24714
57294
-11024
61651
-55365
-45071
67121
-15914
-16446
48300
-69403
-68201
-42654
-79662
45190
30277
-46784
-18951
-80094
17304
74010
21491
-16396
13696
43788
10469
12023
6545
58367
-22875
-72163
61646
18872
-49515
70426
33202
99636
69388
-94544
976
45112
-15640
-55131
-1264
-71996
-2899
-2150
88015
-28252
55051
-98156
19160
-42306
-42205
-27120
-83702
75396
-49230
44087
-17630
-96139
-18065
-26583
12174
37350
-82498
23345
-1341
90410
-43283
94894
-89626
98779
-97571
-99283
23249
-97637
-67168
81778
91185
-56411
74972
68077
68714
-86941
-26818
36303
28188
65305
33469
81517
-83570
5344
-48408
-21978
56863
58654
94089
-57538
26209
-84196
65821
77184
26346
-55572
52818
-487
55117
-86620
-54354
9061
-7991
73160
49737
-55369
-48444
-29876
-60724
-33723
48597
70655
52874
-82029
-87272
25243
-77023
-46829
21522
-46778
40161
-24158
78175
77447
-88330
90234
9475
-80246
50345
-60771
83231
-73622
89468
-11581
-28327
76551
-59113
38940
23771
33619
-88917
89261
5284
7509
-35828
-77715
-37126
34982
91016
83885
38708
-38536
-86038
64093
3952
86433
95481
58377
-22885
80022
-85579
52090
74773
-1157
-27487
29498
65598
-93163
79598
46713
-43965
10749
77877
-94702
42080
63989
35586
-81398
-27180
-83512
-63863
92799
90039
-14679
46333
54580
82329
6559
-32424
74942
76221
-74886
-87850
77932
63309
-60906
52632
12920
-91898
55771
-94214
38340
41995
-34890
-80854
-22032
84775
70495
-16711
-14891
91064
-27336
22374
46148
-55984
-56101
-98227
-98809
71284
20931
35514
61572
-34282
-18880
46678
41041
51653
-62027
57123
-67126
-43942
-81268
95665
72442
5841
871
-75614
9318
-71311
38767
-76638
-29174
-46195
61341
-14276
-49602
-51294
-90253
81916
83869
91803
-33498
1119
-5536
96556
-79804
16073
-35893
66825
-85701
-64890
-99816
94109
-20805
28651
-69647
50054
-92066
-8806
81472
38296
-1530
77061
43890
53396
85786
-1701
902
32266
49988
3434
-2258
38249
98811
52761
-44221
-45236
92990
-58655
19595
-5954
-39394
70736
-17702
-28518
-9640
30146
66517
-76300
-15388
-84156
-44274
-62677
83461
74977
-70253
95610
13712
38355
-95625
-7797
96386
88281
-29755
94763
-13960
13156
-33442
43409
-4754
36540
73769
-26277
-70984
-78406
28914
-48277
41192
-97151
46241
-66822
17990
-55540
84048
53731
78224
-8583
58063
95322
31259
23883
55324
98320
-75519
42034
213
-90050
8815
57416
67533
79951
-38133
-12616
57787
-11264
-63789
61162
47102
-80037
-31309
42988
66982
-87964
-96347
-17261
13405
-736
-70583
83021
-41388
12021
48529
3201
80184
2489
-25346
-39462
647
-39693
97909
87665
-12960
-22644
-41394
-9828
10193
-24444
-56974
-43241
50427
55939
-14092
-71289
41873
-55811
-93703
21326
-17174
37773
50942
-83703
-36118
8110
11296
-80381
41876
75551
-48583
33073
-96126
10085
-50533
81267
4937
8253
-76347
97215
64476
24980
6834
33605
48416
98312
-8880
-71365
-92772
-30963
49250
-71226
-48879
70889
81293
-44955
26610
-42853
-27987
-68602
79644
85811
60555
-67691
-58190
-32564
-67041
-80422
-4839
57736
-1996
83748
96841
82223
-65881
-43616
93266
-2770
-64276
5773
-53003
17098
1653
-77404
74897
-3025
74640
-26665
-30028
34080
-27207
-49896
78409
31676
49149
91273
9363
-47293
8843
-49737
22387
78224
45136
59025
-38117
-24066
9860
49673
49979
-8551
-56028
63677
-32666
75269
-51665
36148
83691
70066
95626
-67298
26562
-62126
-64965
-29680
-65843
99943
-9638
-78931
-14394
47634
-71018
49684
-27729
-3454
91728
-27307
26840
17767
-55478
99979
-30505
6552
83768
-62811
31660
999
-52226
51338
-35313
53670
49992
94091
98577
-49327
-75290
10872
1469
58988
-91490
99232
-43285
56100
-23275
34351
26095
74854
21465
79891
-25758
-53936
-74575
96329
68854
59221
-28355
-29536
28351
2884
75936
9318
-45874
-4089
30624
-77933
23753
35711
60993
-93365
-99813
-64029
-93466
19964
35584
-62482
-87793
-41015
-46346
72215
-79995
-94685
-82196
26905
-64385
-32559
2349
39967
-37801
86271
16696
61239
-12443
5927
28514
-18635
-97907
-92240
-6936
93827
-84488
-10319
-32350
-41388
-43808
68002
-70525
-43741
-83608
-89544
-54024
39364
-20323
-92135
-19935
-81239
5118
56927
-77543
-63843
40620
58994
-5888
-872
74825
-58110
90483
-859
32698
-56709
-70904
3026
43770
-31779
-87026
54754
34851
83984
-76485
17322
-89198
9779
38520
43514
-41685
56629
72915
-57534
-53643
-81447
-39717
21240
-12736
-15949
-76380
70110
-58533
-74096
-26403
5292
-99087
42572
-96530
-83020
-59674
-4397
-88789
-10096
-29143
2216
80720
-7403
-92152
54434
-70099
46918
92174
58363
77934
5370
-85788
-48635
-8474
-13229
4791
89989
85130
-1741
-75775
27732
37087
62329
-19679
51970
-65556
50432
41998
-68993
54363
-85231
-59567
52203
32672
65475
57343
10010
-69603
84076
59636
62077
-92307
13810
-21646
-6416
82217
49611
-74356
65005
72080
-70370
-20881
29692
-77895
93323
-59492
-39733
-48655
61369
1612
-64830
-42811
81913
-99493
-36881
-60708
85534
68978
6577
-86650
-66823
95355
-58635
32359
-42353
-5775
5570
-16344
81305
65360
38708
-80678
71908
47160
-66892
23345
88269
2771
9811
41376
-27632
71868
-29532
-17223
-40010
79640
-22978
22159
-8988
48036
52916
20686
51692
-92692
97478
15906
-22476
12842
-19818
-64080
-14756
27412
-25262
-17369
-51057
-4728
-4028
-43563
77384
-29897
27843
58461
19550
-710
-67694
11378
-70189
79340
5615
20167
77899
-37541
-31684
-6913
-8220
17779
-18618
82714
76545
-51980
75729
-3679
86848
-81470
61323
38145
48470
-99877
90698
48878
18451
63299
-62877
66744
-41774
-15799
6068
-12011
-91143
-29292
22873
36335
71681
-37761
11189
-45119
-31747
10156
-7115
94429
41106
-26863
-82818
-335
-17626
229
20502
24238
90613
43478
-98527
19315
13125
-55924
45532
-74410
-29070
41429
-20882
-44308
-83129
-14702
-6067
68455
-9595
-7780
46908
-31940
68902
50016
-17122
-5025
-27939
3659
-31024
5453
-71190
-34733
-89127
35172
59481
23100
50973
-14404
-5149
7667
-65199
61911
65812
95430
45649
-55201
23432
90275
-39959
64592
-49087
-64074
-36522
95793
-88449
65189
24091
-17663
-78285
31990
46315
-922
775
-9887
92319
95560
-50750
12402
59283
-95034
-35175
30727
76316
29474
-63614
-26394
-53081
22924
10065
9990
-14150
-50685
68003
-97831
-30611
-31983
-40528
-72191
59299
-36230
-72118
-59511
-72216
-33332
46862
-41772
24139
20423
-80389
-43522
-64907
-81522
-42826
83283
61172
11066
92978
40543
43978
67126
-63031
-67603
11441
38061
-40529
21864
-48936
-38376
-42944
60713
15157
-12754
-12558
20695
49745
-61385
92575
94088
-96443
-74316
39057
-41230
97469
-40051
-37054
-72408
39607
43087
86424
67878
-84778
-99733
-59629
44378
-24498
-10971
22071
-15398
-51572
-65213
63252
-48996
35104
-82445
-9681
-4107
16397
52124
30470
87426
64005
-54677
-70655
4960
81886
-78083
-78133
1570
36875
-74378
-75186
-32978
-98443
-33397
63353
-45651
24507
79038
-39131
13822
-5798
-51401
38528
-90744
76801
18477
82913
-627
50466
17979
-70634
-32208
-83795
47517
-25231
35078
-28462
-9167
-91035
95271
-39799
-45489
-19560
37956
-31032
68650
-19056
80910
68125
64105
37725
91456
9969
-53701
4356
39951
-48163
60453
21961
82790
-19236
-64873
-44065
-33842
85687
-50420
-6409
79688
42331
-78797
-84448
94725
-53862
8228
75796
-83820
-43271
-51768
-86673
-55440
-79743
-47380
-49029
-65409
11397
-52015
38168
99870
-90438
-87095
86995
-90099
83436
-75221
34970
81269
-17632
49953
-3834
-23061
-16407
-40208
-99395
-89391
28341
-71585
72047
-68184
91371
-11739
-54415
-10525
-29318
-83326
-20011
29547
18155
-14232
-78568
-80805
92966
-30680
19335
14713
-61616
24165
-93012
-62016
-12527
62176
8383
33863
-2390
53846
5335
11800
20480
-95838
86288
88869
7434
-70331
4755
-52801
63723
-52224
73108
-28789
-21629
-86105
-36038
-67562
83735
-21318
68434
-48633
85047
-63346
-27866
-85605
83471
-51434
-73026
61546
65782
159
81398
969
-42490
-41971
-38492
-63662
39968
83356
1062
-89079
-22683
-37392
92682
-87889
-63804
-57342
-86468
54003
-35873
-19241
69777
61963
-59257
-71753
92941
-38079
98266
48213
-3424
-54715
-85565
66090
13782
-38911
24651
-20723
30936
51524
-96272
-57495
-37999
-28711
-23574
-13175
-99129
52796
-25277
23506
-55034
-45007
41658
-76516
-23247
60986
85933
15992
57010
-31098
15355
-38576
92190
17208
23538
9733
-61870
78734
2482
28585
-99607
25772
7914
35540
-74186
81185
47527
43942
-95891
88648
-96851
9175
65754
-3053
-49815
-44110
82629
-10275
-75165
-68514
-75047
16981
52048
89417
16159
40468
76934
86288
-41634
37065
44059
65895
-96114
-86434
14312
-15813
-29955
-26187
-6966
-5298
96196
-42744
87251
62944
-5398
-71691
15450
54175
-2435
-35820
-10170
33786
-60656
36078
-70859
-53788
69375
-72998
92332
3447
-63009
85674
64714
-96176
35130
-62168
-92350
-64641
-12491
-87483
42609
77242
92576
-99949
9825
-32086
-62467
-28211
-47492
-38410
-37324
-5086
14334
22577
-88169
-14062
55335
14197
-317
42453
2472
84434
-70073
96221
86259
-74004
94181
-11490
28126
27195
79200
-93611
5364
69383
28096
31124
17051
-88778
84357
-38919
98876
74379
17208
-56660
-5265
25315
19666
36803
-18384
70752
-76698
37592
55924
91960
-55499
-52512
55910
94577
-86199
80769
97198
-83545
-69490
32682
4284
69679
-30237
71721
-20100
38704
-26347
48845
62625
71020
-14045
95649
-65678
-54179
-87501
93288
80703
20374
-3657
81881
17355
-77121
23998
54223
29158
34887
-65298
-83385
-50577
-25144
2988
59848
-43668
31393
65075
21920
87232
-32385
-28891
85753
8335
-47306
22715
-68606
78558
-82320
-33425
18255
-85958
7509
-92555
-78855
-91152
-55703
-70300
13121
-74658
24325
-50819
7661
-50896
-16620
56261
73555
-34603
-85944
-756
-87118
-19173
16655
-1905
19509
62702
76563
-47063
-88988
-25076
47382
-14435
56766
88990
-23606
-48315
22047
48870
47551
-39651
58740
14067
-87075
38520
48036
-72329
-44941
42871
-26760
84514
52344
94244
80738
-89938
-80273
-67929
-58883
-22047
-23508
-59360
30124
-75472
-28391
-55128
61689
64378
78096
72321
-62794
47856
-11646
-25818
97426
-38843
-24282
50497
14951
14043
-75485
-96610
-25635
-12480
-99969
25309
26182
48930
67881
-20962
-62569
-3631
85407
85619
98167
-48798
78085
82885
-15642
28476
-24235
-20491
-41587
3281
36327
-57688
38621
-3166
-35825
-98392
-56050
-73682
14636
55820
-93093
-26478
-72616
-26459
-51578
-22632
-86356
-81092
48471
-13597
20371
99481
96969
-76897
-57675
-8265
-83347
9468
87932
41695
91362
39357
-41522
-46029
-64577
-80066
-72878
-1153
-62282
79250
-50128
34812
7873
83837
64838
50291
-91418
-51165
-91232
56392
-41697
451
44002
44769
-93481
-70372
-12706
-53814
41989
-34818
91571
25214
-66601
-22287
65718
-92319
94760
65891
-87410
-6519
-42917
5926
-7859
85486
-20379
-41341
-84025
46030
-99320
-97708
-79294
72118
43561
-80366
41960
-27407
-37146
22553
-58724
-56008
30895
